segment-id,segment-type,segment-speaker,segment-text
scene1,slugline,,(c) SLUMDOG FILMS LIMITED 1 INT. JAVED'S SAFE-HOUSE. BATHROOM. NIGHT. 1
desc1.0,desc,,"An expensive bathroom suite. Excess of marble and gold taps. Into the bath, a hand is scattering rupee notes. Hundreds and hundreds of notes, worth hundreds of thousands of rupees. The sound of a fist thumping on the bathroom door, furious shouting from the other side."
scene2,slugline,,2 INT. STUDIO. BACKSTAGE. DAY. 2
desc2.1,desc,,"Darkness. Then, glimpses of faces. In the half-light, shadowy figures move with purpose. An implacable voice announces."
utter2.2,utter,PREM,Are you ready?
desc2.3,desc,,Silence. A hand shakes a shoulder a little too roughly.
utter2.4,utter,PREM (CONT'D),I said are you ready?
utter2.5,utter,JAMAL,Yes.
scene3,slugline,,3 INT. JAVED'S SAFE-HOUSE. BATHROOM. NIGHT. 3
desc3.6,desc,,"The thumping at the door continues. The sound of mumbled Indian prayer. Dull gleam of a pistol. A hand cracks the chamber open. Loads a single bullet into the chamber, snaps the chamber shut."
desc3.7,desc,,"Suddenly, the door splinters as it is smashed through. A burst of gun-fire and white light as suddenly..."
scene4,slugline,,4 INT. STUDIO. NIGHT. 4
desc4.8,desc,,"...we are back in the studio, the gun-fire morphing into rapturous applause."
desc4.9,desc,,"A wall of light and noise as the two walk on stage. Cheering, music, banks of searing studio lights. On stage, Jamal, an eighteen year-old Indian boy-man stares, petrified. He would surely turn and run but for the iron grip on his shoulder of the smiling host, Prem Kumar."
utter4.10,utter,PREM,Welcome to Who Wants To Be A Millionaire!
utter4.11,utter,PREM (CONT'D),Please give a warm welcome to our first contestant of the night- a local from our very own Mumbai!
desc4.12,desc,,"Under cover of the wild applause, Prem ushers Jamal towards the guest's chair, leaning in and hissing."
utter4.13,utter,PREM (CONT'D),"Smile, dammit."
desc4.14,desc,,"The lights seem to bore into him but Jamal manages a tentative smile. Out of nowhere, a hand slaps him ferociously across the face. Then again and again. Blood trickles from his mouth."
scene5,slugline,,5 INT. POLICE INTERVIEW ROOM. NIGHT. 5
desc5.15,desc,,The studio lights have seamlessly transformed into the harsh bulb of an interrogation light. Jamal is strung from the ceiling by his arms.
utter5.16,utter,CONSTABLE SRINIVAS,"Your name, bhen chod."
desc5.17,desc,,"Constable Srinivas's hand pulls back Jamal's head by the hair, forcing him to stare directly into the lights."
utter5.18,utter,CONSTABLE SRINIVAS (CONT'D),Your name!
utter5.19,utter,JAMAL,Jamal Malik. And seamlessly we are back....
scene6,slugline,,6 INT. STUDIO. NIGHT. 6
desc6.20,desc,,"...on the set of Who Wants to be a Millionaire. Prem leans back in his chair, a man at home in his surroundings. Jamal sits opposite, frozen."
utter6.21,utter,PREM,"So, Jamal, tell us a bit about yourself."
desc6.22,desc,,"Close on Jamal's face. Without warning, it is shoved under water."
scene7,slugline,,7 INT. BUCKET. NIGHT. 7
desc7.23,desc,,"We look up from the bottom of the bucket at the screaming face of a drowning man. His head shakes desperately, pointlessly. Then Jamal's face is dragged up again, roaring for breath. Close on his eyes."
utter7.24,utter,JAMAL V/O,I work in a call centre. In Juhu.
scene8,slugline,,8 INT. STUDIO. NIGHT. 8
utter8.25,utter,PREM,A Phone-basher! And what type of call centre would this be?
utter8.26,utter,JAMAL,XL 5. Mobile phones.
utter8.27,utter,PREM,"Aha! So, you're the man who rings me up every single day of my life with Special Offers, huh?"
utter8.28,utter,JAMAL,"No, actually, I'm an assistant."
utter8.29,utter,PREM,An Assistant Phone-basher?
desc8.30,desc,,A raised eye-brow at the audience. Amusement ruffles through them.
utter8.31,utter,PREM (CONT'D),"And what does an Assistant Phone- basher do, exactly?"
utter8.32,utter,JAMAL,I- I get tea for people and-
utter8.33,utter,PREM,- a chi-wallah! Why didn't you say?
desc8.34,desc,,Laughter in the audience.
utter8.35,utter,PREM (CONT'D),"So, ladies and gentlemen, Jamal Malik from Mumbai, let's play Who Wants To Be A Millionaire...!"
scene9,slugline,,10 INT. POLICE INTERVIEW ROOM. DAY. 10
desc9.36,desc,,"Jamal's body dangles motionless from the ceiling. His head is bowed and he is moaning to himself. The ceiling fan thumps round slowly. In the corner, Constable Srinivas mops his brow and lights a cigarette. Hot work. The door opens and the Inspector of Police walks in. A rumpled man in his late forties who has seen pretty much everything. He eyes Jamal, surprised."
utter9.37,utter,INSPECTOR,"Has he confessed, yet?"
utter9.38,utter,CONSTABLE SRINIVAS,"Apart from his name, I can't get a word out of the runt."
utter9.39,utter,INSPECTOR,"You've been here all bloody night, Srinivas. What have you been doing?"
desc9.40,desc,,Srinivas shrugs.
utter9.41,utter,CONSTABLE SRINIVAS,Tough guy.
utter9.42,utter,INSPECTOR,A little electricity will loosen his tongue.
desc9.43,desc,,"Constable Srinivas brings a box and a tangle of wires out of a cupboard and proceeds to put crocodile clips on Jamal's fingers. The Inspector stares, deep in thought. Sweat trickles down his face. He wipes it away with a handkerchief, seems to be talking to himself."
utter9.44,utter,INSPECTOR (CONT'D),"Every night I get home, ""why can't we have a/c like Bajan Chacha? (MORE)"
utter9.45,utter,INSPECTOR (CONT'D),"Why don't you care about your poor family, dying in this heat."" Twenty-four years a policeman and I can't afford bloody a/c."
desc9.46,desc,,Turns on Jamal.
utter9.47,utter,INSPECTOR (CONT'D),"But you. You've got ten million rupees ek dum guaranteed, yaar? And who knows how much further? Fancy the twenty million, do you?"
desc9.48,desc,,Jamal just stares.
utter9.49,utter,INSPECTOR (CONT'D),I think you probably do.
desc9.50,desc,,The Inspector nods absently to Constable Srinivas who turns a handle. Jamal's body pulsates and jerks. He screams. His body goes limp again. The Inspector goes over to Jamal.
utter9.51,utter,INSPECTOR (CONT'D),"So. Were you wired up? A mobile or a pager, correct? Some little hidden gadget? No? A coughing accomplice in the audience? Microchip under the skin, huh?"
desc9.52,desc,,Constable Srinivas hadn't thought of that. Grabs Jamal's arms and starts squeezing them all over until the Inspector has had enough.
utter9.53,utter,INSPECTOR (CONT'D),"Srinivas! Look, it's hot, my wife is giving me hell, I've got a desk full of murderers, rapists, extortionists, assorted bum-bandits...and you. Why don't you save us both a lot of time? Hmm?"
desc9.54,desc,,"Jamal doesn't answer. The Inspector sighs and sits down. Looks at his watch, nods at Constable Srinivas again. Jamal's body jerks with electric current. When the shudders and screams have subsided, the Inspector goes over to Jamal's collapsed form. Clicks his fingers in front of Jamal's face to check for a response."
utter9.55,utter,INSPECTOR OF POLICE,"He's unconscious, chutiya. What good is that? How many times have I told you-?"
utter9.56,utter,CONSTABLE SRINIVAS,"Sorry, Sir."
desc9.57,desc,,An excited Young Police Constable sticks his head around the door.
utter9.58,utter,YOUNG CONSTABLE,He's coming! Sir.
utter9.59,utter,INSPECTOR,"Are wa, Srinivas, we'll have Amnesty International in here next, peeing their pants about human rights. Get him down, tidy him up, for God's sake."
desc9.60,desc,,Constable Srinivas goes over to Jamal and starts to undo the crocodile clips.
utter9.61,utter,CONSTABLE SRINIVAS,Maybe he did know the answers.
utter9.62,utter,INSPECTOR,"Have you gone soft, Srinivas? Professors, lawyers, doctors, General Knowledge Wallahs never get beyond sixteen thousand rupees. And he's on ten million? What the hell can a slum dog possibly know?"
desc9.63,desc,,Jamal lifts his head.
utter9.64,utter,JAMAL,The answers.
desc9.65,desc,,"He lifts his head, spits blood out of his mouth and says again, straight into the Inspector's face."
utter9.66,utter,JAMAL (CONT'D),I know the answers.
scene10,slugline,,Titles. Slum Dog Millionaire. 11 EXT. CRICKET GROUND. DAY. 11
desc10.67,desc,,"Bright sunlight filtered through the ever-present Mumbai dust. A group of children are playing cricket on a tarmac cricket ground. They are bare-foot, dressed in little more than rags, wiry-skinny and fast on their feet. Salim, a nine-year old, polishes the ball on his almost non-existent shorts, comes in with surprising speed and bowls. The batsman hooks it high in the air. The bowler screams at a boy in the outfield."
utter10.68,utter,SALIM,Jamal! Catch it! Catch it!
desc10.69,desc,,"The seven-year old Jamal stares up at the ball, jinks around trying to get into position. He pays no heed to the rest of the children who are scattering fast to the edges of the tarmac. The ball seems suspended in the blue sky. Shouts from the other children seem very far away. He doesn't notice that they are screaming for him to get out of the way. Jamal adjusts his feet for the perfect catch. Then out of nowhere, a light aircraft almost takes his head off as it comes in to land on the tarmac runway. Jamal is knocked to his feet by the down-draft of the plane. The ball bounces away. Also flattened, Salim gets to his feet."
utter10.70,utter,SALIM (CONT'D),How could you drop that? It was a sitter.
desc10.71,desc,,Then Salim's face turns to one of alarm.
scene11,slugline,,12 EXT. AIRPORT PERIMETER. DAY. 12
desc11.72,desc,,"At the back of a pack of children, carrying a piece of wood crudely fashioned into a sword, Jamal is running for his life, pursued by an ancient but surprisingly nimble Security Guard from the airport who is screaming abuse and wielding a long stick. The kids dash across a rubbish dump and disappear down dozens of tiny lanes that run in between the shacks of the slum."
utter11.73,utter,SECURITY GUARD,"Private-ka land! Private-ka land! The planes won't kill you, mader chod, I will!"
desc11.74,desc,,"Jamal and Salim- also with a wooden sword- break off, head down a separate lane. The Guard pursues them."
scene12,slugline,,13 INT. JUHU SLUM. DAY. 13
desc12.75,desc,,"The lanes in between the corrugated iron shacks are three feet wide, with an open drain running down the middle. Many of the precarious upper floors of the shacks have been built right over the paths, turning them into black tunnels. Tunnels shot through with slivers of light. If you didn't live here, you would be lost and frightened in minutes. But these children are natives and with the practice of many years, Jamal and Salim zig-zag down the warren of lanes. They dodge past people cooking in the doorways, sleeping, washing clothes or in the case of Vinod, a naked four year-old, pissing into the drain. Salim shouts a warning."
utter12.76,utter,SALIM,Vinod! Musketeers coming through!
desc12.77,desc,,"Without breaking step, they both jump expertly over the stream of piss. Not so the Security Guard who gets it all over his trousers, but doesn't stop the pursuit. The two children charge past a shack filled to the roof with chickens in cages who all start squawking. They break out into the sunlight of the `main road' of the slum lined with shops. It is packed: with people, stalls, bicycles and cows. All modern India is here, drinking tea, shouting at each other, selling food, playing carom, video games. Leaving a trail of shouting and wreckage behind them, the pair approach a brand new Mercedes almost blocking the lane. Beside it stands Javed, an impressive man in a beautiful suit and his two Minders. Jamal and Salim skid to a stop, put their hands together in respectful greeting and edge ever so carefully past the immaculate paintwork of the car. Still in pursuit, the Security Guard also slides carefully past the car with deprecating bows and smiles. On past the chi stall where a crowd has gathered to watch a hindi film blaring from the tv rigged up overhead. The irate Security Guard gets tangled up in a bicycle. Jamal and Salim stop to give him a taunting, hip-gyrating parody of the dance on the tv before scooting down another tunnel. They break out into sunlight again."
scene13,slugline,,WOMAN'S VOICE
desc13.78,desc,,"Jamal skids to a halt, bumping into Salim who is already frozen."
utter13.79,utter,JAMAL,Shit. Mummy-ji.
utter13.80,utter,JAMAL'S MOTHER,Don't you move a muscle.
desc13.81,desc,,The Security Guard arrives and he too skids to a halt at the sight of Jamal's mother.
utter13.82,utter,JAMAL'S MOTHER (CONT'D),"Thank you, Mister Gupta. I will deal with these two."
desc13.83,desc,,The Guard puts his hands together in grudging respect as Jamal's Mother lifts each skinny kid off the floor by their t-shirt and marches them down the road.
scene14,slugline,,14 INT. SCHOOL. DAY. 14
desc14.84,desc,,The two renegades are dumped by Jamal's Mother into their desks as Mister Nandha hands out ancient school books.
utter14.85,utter,MISTER NANDHA,"So, the musketeers return. We are honoured. Salim. Or Porthos, isn't it?"
desc14.86,desc,,He crashes the heavy book down on his head. Salim opens the book. Jamal glances over and turns the book the right way round for Salim.
utter14.87,utter,SALIM,I know!
desc14.88,desc,,Mister Nandha hovers over Jamal's head. He winces in anticipation.
utter14.89,utter,MISTER NANDHA,And Athos.
desc14.90,desc,,The book comes down like thunder. Jamal blinks from the impact and suddenly we are back....
scene15,slugline,,15 INT. INSPECTOR'S OFFICE. DAY. 15
desc15.91,desc,,"... in the Inspector's office. Jamal watches Srinivas fiddling with the video recorder, trying to get a picture. Through the pebbled glass, Jamal sees shapes moving along the corridor."
scene16,slugline,,16 INT. CORRIDOR. POLICE STATION. DAY. 16
desc16.92,desc,,The Commissioner of Police is fawning along beside Prem as they walk. The Young Constable hurries behind.
utter16.93,utter,COMMISSIONER OF POLICE,"It is so kind of you to visit our station, Sir. A great honour."
utter16.94,utter,PREM,"Not at all, not at all. I hope you will visit us, Commissioner."
desc16.95,desc,,Out of his jacket pocket comes a couple of tickets.
utter16.96,utter,PREM (CONT'D),Bring the family. It's a lot of fun.
utter16.97,utter,COMMISSIONER OF POLICE,"Oh! A thousand thanks, Sir. Missus Janda will be overcome."
desc16.98,desc,,He turns to the Young Constable.
utter16.99,utter,COMMISSIONER OF POLICE,"(CONT'D) chi, you lazy chutiye, chi!"
desc16.100,desc,,The Inspector joins them in the corridor.
utter16.101,utter,COMMISSIONER OF POLICE,"(CONT'D) Ah, Inspector! Cracked it?"
desc16.102,desc,,"The Inspector moves his head. Maybe yes, maybe no."
utter16.103,utter,INSPECTOR,"Nearly, Sir."
desc16.104,desc,,The Commissioner is just able to contain his apoplexy.
utter16.105,utter,COMMISSIONER OF POLICE,Nearly? Nearly? When Prem Kumar himself has-
desc16.106,desc,,Prem holds up a tolerant hand to the Commissioner who falls silent. Turns his laser-like charm onto the Inspector.
utter16.107,utter,PREM,Inspector. How good to meet you. Clearly the kid cheated.
utter16.108,utter,INSPECTOR,"Clearly, Sir."
utter16.109,utter,PREM,"So, it is just a question of how, no?"
utter16.110,utter,INSPECTOR,"Indeed, Sir. The proof. That is all we need."
utter16.111,utter,PREM,"We are lucky to have a man of your obvious experience on the case. This kid might run rings around us filmi types, but he won't make fools out of the Mumbai Police Force, I can see that."
desc16.112,desc,,Forced laughter from the Commissioner.
desc16.113,desc,,More laughter. And fear.
desc16.114,desc,,"Prem walks away down the corridor. Stops and turns, apparently casual."
utter16.115,utter,PREM (CONT'D),Has he- has he made any allegations?
utter16.116,utter,INSPECTOR,Allegations?
utter16.117,utter,PREM,"He's a cunning one. A convincing liar. Don't be taken in, Inspector, don't be taken in."
desc16.118,desc,,Walks off. The Inspector stares after him. Goes back into his office.
scene17,slugline,,17 INT. INSPECTOR'S OFFICE. 17
desc17.119,desc,,"Srinivas has finally got the recorder to work. We get snatches of filmi dancing- heroines singing on mountainsides surrounded by implausible numbers of flags- cricket and finally after some shouting by the Inspector, Who Wants to Be A Millionaire?."
utter17.120,utter,INSPECTOR,"So, Mister Malik, the man who knows the answers. Talk."
desc17.121,desc,,We close in on the tv screen where Prem is smiling his crocodile smile and find ourselves....
scene18,slugline,,18 INT. STUDIO. NIGHT. 18
desc18.122,desc,,...as Prem asks the first question.
utter18.123,utter,PREM,"So, are you ready for your first question for one thousand rupees?"
utter18.124,utter,JAMAL,Yes.
utter18.125,utter,PREM,"Not bad money to sit in a chair and answer a question. Better than making the tea, no?"
utter18.126,utter,JAMAL,No. Yes. No. No. Yes. No. Apka final answer?
desc18.127,desc,,"Laughter from the audience. Jamal looks confused. Prem waves it away, switches on his serious face."
utter18.128,utter,PREM (CONT'D),"Remember, you have three lifelines if you're not sure of your answer- Ask the Audience, 50/50 and Phone a Friend. So,"
desc18.129,desc,,"The lights go down, the portentous music rolls."
utter18.130,utter,PREM (CONT'D),Who was the star of the 1973 hit film Zanjeer. Was it A-
desc18.131,desc,,Close on Jamal's eyes.
scene19,slugline,,19 INT. SHACK. NIGHT. 19
desc19.132,desc,,A tiny shack. A garland of dirty plastic flowers surrounds a torn flyer for one of Amitabh Bacchan's films.
scene20,slugline,,20 EXT. JUHU SLUM. RUBBISH DUMP. NIGHT. 20
desc20.133,desc,,"Salim is sitting on a chair at the end of a rickety wooden pier, though it is not water, but a sea of rubbish and sewage that lies below them. There are dozens of these piers protruding from the slum onto airport land, each with a toilet shack perched right at the end. Another man hurries up the pier and hands Salim a coin."
utter20.134,utter,SALIM,"Immediately, sir."
desc20.135,desc,,Turns to the toilet door.
utter20.136,utter,SALIM (CONT'D),"Bhai, get out of there. Prakash wants a shit."
utter20.137,utter,JAMAL O.S.,Not finished.
utter20.138,utter,PRAKASH,Stop your time-pass. This is urgent.
utter20.139,utter,JAMAL O.S.,It's a shy one. Since when was there a time limit on a crap?
utter20.140,utter,SALIM,"Since there was a customer waiting, that's when."
desc20.141,desc,,He flashes another placatory smile at Prakash.
utter20.142,utter,JAMAL O.S.,"(singing/ grunting) Come on out, you beauty, unveil yourself, my darling-warling...."
utter20.143,utter,PRAKASH,"Look, kid, I got a bad stomach. It's borderline...."
desc20.144,desc,,A disturbing combination of heaving and snake-charmer noises come from the toilet shack. Finally Prakash can
utter20.145,utter,PRAKASH (CONT'D),I'm off to Devi's bog. Give me that.
desc20.146,desc,,He snatches the coin back from Salim and hurries off. Salim bangs on the toilet door.
utter20.147,utter,SALIM,"You just lost me good money, you stupid idiot-"
desc20.148,desc,,"Salim stops. In the distance, there is the faint sound of shouting, a crowd coming closer. Then the crowd bursts through the outer shacks of the slum, pour onto the rubbish dump and make for the airfield."
utter20.149,utter,MAN,It's Amitabh! That's his helicopter!
utter20.150,utter,JAMAL O.S.,Amitabh? Amitabh Bacchan?
scene21,slugline,,21 INT/EXT. TOILET. NIGHT. 21
desc21.151,desc,,"Jamal peers through one of the many cracks in the shack. He sees crowds surging around the pier, charging towards a landing helicopter. Salim shoves the chair under the door handle- effectively locking it- and runs down the pier to join the chase. Jamal pulls up his shorts."
utter21.152,utter,JAMAL,"No! Wait! Salim, sala! Salim!"
desc21.153,desc,,Rattles the locked door. Pulls a torn flyer from his pocket advertising an Amitabh movie.
utter21.154,utter,JAMAL (CONT'D),Wait! Amitabh....
desc21.155,desc,,"He looks down the toilet hole at the sewage beneath him, the landing helicopter, the disappearing crowd. A final rattle of the door. There is only one way out. He jumps down the hole, sprawling headlong into a year's worth of human waste, managing to keep the flyer out the mire. He runs for the helicopter."
utter21.156,utter,JAMAL (CONT'D),Amitabh-ji! Amitabh-ji!
desc21.157,desc,,"Salim is at the back of the crowd, trying to force a way through, but the adults shove him back. Not so for Jamal. The down-draft from the helicopter flicks bits of sewage from his clothes. Disgusted fans curse him and get out of his way. Suddenly, the red sea parts and there is nobody between Jamal and Amitabh Bacchan"
utter21.158,utter,JAMAL (CONT'D),Please. Amitabh-ji.
desc21.159,desc,,"Jamal holds out his flyer. Used to signing autographs, the movie star barely looks at Jamal. He takes the flyer and scribbles his autograph on it."
utter21.160,utter,JAMAL (CONT'D),"A thousand thanks, Amitabh-ji."
desc21.161,desc,,"He hands the flyer back to Jamal as his bodyguards surround him and hustle him into a car. Jamal chases the flyer across the tarmac, grabs it. Kisses it."
scene22,slugline,,22 EXT. JUHU SLUM. NIGHT. 22
desc22.162,desc,,"From high up, the rickety tin roof-tops of the slum seem to stretch to the horizon. There is a distant shout, a figure waving an arm."
utter22.163,utter,MAN,It's coming!
desc22.164,desc,,"Then another shout and another, a chain of voices coming closer. People come out of their doorways with pails and buckets. The shouts come closer until we see a naked figure entirely encased in bubbles dancing and singing in the lane. Jamal is the happiest boy in the slum."
utter22.165,utter,JAMAL,"(singing) Amitabh, Amitabh, oh Amitabh! (MORE)"
utter22.166,utter,JAMAL (CONT'D),"I have your autograph, oh, holy Amitabh!"
utter22.167,utter,MOTHER,Here it comes!
desc22.168,desc,,Water comes bubbling through a hose and Jamal's mother hoses down her ecstatic son.
scene23,slugline,,23 EXT. JUHU SLUM. NIGHT. 23
desc23.169,desc,,"Not far away, Salim wanders to Mister Chi's stall. He glances around to make sure everybody is glued to the hindi film on Mister Chi's tv and surreptitiously slips Mister Chi the signed flyer. Mister Chi takes a look and gives Salim a small wad of rupees. He sticks the money in his pocket, slinks away."
scene24,slugline,,24 EXT. JUHU SLUM. NIGHT. 24
desc24.170,desc,,"A tear-stained Jamal is furiously trying to batter Salim, but Salim's extra strength and height means that he can keep Jamal at bay with one hand, Jamal's flailing fists punching thin air."
utter24.171,utter,JAMAL,Sala! Sala!
desc24.172,desc,,Salim's laughter only makes Jamal cry harder.
scene25,slugline,,25 INT. INSPECTOR'S OFFICE. NIGHT. 25
desc25.173,desc,,Close on the tv screen in the Inspector's office. Prem ponders Jamal's choice. Presses a button on his computer.
desc25.174,desc,,Applause on screen. The Inspector looks at Jamal. Jamal shrugs.
utter25.175,utter,JAMAL,You don't have to be a genius.
utter25.176,utter,CONSTABLE SRINIVAS,I knew it was Amitabh.
utter25.177,utter,JAMAL,Like I said.
desc25.178,desc,,"Constable Srinivas twists Jamal's arm behind his back, evincing a squeal of pain from Jamal."
utter25.179,utter,JAMAL (CONT'D),(squealing) He's the most famous man in India...!
desc25.180,desc,,"The Inspector stares at Jamal, turns back to the tv where Prem is asking the next question."
scene26,slugline,,26 INT. STUDIO. NIGHT. 26
utter26.181,utter,PREM,...A) The truth alone triumphs. B) Lies alone triumph. C) Fashion alone triumphs. D) Money alone triumphs.
desc26.182,desc,,Prem shoots a mock puzzled look out to the audience eliciting giggles from them.
utter26.183,utter,PREM (CONT'D),"What do we think, Jamal? The most famous phrase in our country's history. Maybe you want to phone a friend?"
desc26.184,desc,,Laughter from the audience. The studio lights bear down on Jamal. a drop of sweat trickles down his forehead. Prem is loving his discomfort.
utter26.185,utter,PREM (CONT'D),Or Ask the Audience? I have a hunch they might just know the answer. What do we think?
desc26.186,desc,,"He gestures expansively at his audience. Oh, they love him."
utter26.187,utter,JAMAL,Yes.
utter26.188,utter,PREM,(startled) Yes?
utter26.189,utter,JAMAL,Ask the audience.
desc26.190,desc,,Prem whistles. Raises his eyes at the audience.
utter26.191,utter,PREM,"Well, you're the contestant, Jamal. (MORE) (CONTINUED) Put the poor man out of his misery, Ladies and Gentlemen. Press your key-pad now."
desc26.192,desc,,The lights dim. Portentous music.
scene27,slugline,,27 INT. INSPECTOR'S OFFICE. DAY. 27
desc27.193,desc,,The Inspector presses pause. Sighs.
utter27.194,utter,INSPECTOR,"So, Jamal. My five-year-old daughter knows the answer to that, but you don't. Strange for a millionaire genius. What happened? Your accomplice nip out for a piss, did he? Or did he just not cough loud enough?"
desc27.195,desc,,Silence. Constable Srinivas kicks Jamal's chair.
utter27.196,utter,CONSTABLE SRINIVAS,The Inspector asked you a question.
utter27.197,utter,JAMAL,How much is bhelpuri at Jeevan's stall on Chowpatty Beach?
utter27.198,utter,INSPECTOR,What?
utter27.199,utter,JAMAL,One bhelpuri. How much?
utter27.200,utter,CONSTABLE SRINIVAS,(can't help himself) Ten rupees.
utter27.201,utter,JAMAL,Wrong. Fifteen since Divali. Who stole Constable Varma's bicycle outside Dadar Station last Thursday?
utter27.202,utter,INSPECTOR,(amused) You know who that was?
utter27.203,utter,JAMAL,Everyone in Juhu knows that. Even five year-olds.
desc27.204,desc,,"Despite himself, the Inspector laughs. Then leans in."
utter27.205,utter,INSPECTOR,"I'll give you five hundred rupees if you just admit it. You go home, I go home. Everybody happy."
desc27.206,desc,,Jamal just stares back.
utter27.207,utter,INSPECTOR (CONT'D),"No, you want to go back on the programme and win twenty million rupees, don't you?"
utter27.208,utter,JAMAL,Wouldn't you?
scene28,slugline,,28 INT. STUDIO. NIGHT. 28
desc28.209,desc,,"Prem shrugs, makes a show of examining his computer. Suddenly fixes him with his eyes."
utter28.210,utter,PREM (CONT'D),"Are you married, Jamal?"
utter28.211,utter,JAMAL,No.
utter28.212,utter,PREM,"Well, don't despair, there's someone out there who thinks our national motto is ""Fashion alone triumphs"". You two could be very well matched."
scene29,slugline,,29 INT. GALLERY. NIGHT. 29
desc29.213,desc,,The Director is shaking his head.
utter29.214,utter,DIRECTOR,What the bloody hell is he playing at? He's way off script...
utter29.215,utter,VISION MIXER,Split up with his girl-friend.
utter29.216,utter,DIRECTOR,Which one?
utter29.217,utter,VISION MIXER,"All three, I heard. Nita as well. Back with the wife. She's pregnant again."
utter29.218,utter,DIRECTOR,"Oh, God, that's all we need...."
utter29.219,utter,VISION MIXER,"Oh, for Sharukh Khan...Stand by white out."
scene30,slugline,,30 INT. STUDIO. NIGHT. 30
utter30.220,utter,PREM,...won four thousand rupees!
desc30.221,desc,,"Music, lights, applause."
utter30.222,utter,PREM (CONT'D),One more question before the commercial break. What will our Call Centre Assistant do next?
desc30.223,desc,,The lights dim. Prem presses his computer.
utter30.224,utter,PREM (CONT'D),"Religion! Interesting. For sixteen thousand rupees, in depictions of the God Ram, he is famously holding what in his right hand? Is it A) a flower. B) a scimitar. C) a child or D) a bow and arrow?"
scene31,slugline,,31 EXT. DHOBI. JUHU SLUM. DAY. 31
desc31.225,desc,,"Right next to the railway lines is a pond of dirty water surrounded by shacks in which dozens of women are washing clothes. Trains flash past only feet away from them. Down the other end of the pond, nine-year old Jamal and Salim are splashing noisily with some other children. Jamal's mother pauses in her scrubbing, wipes sweat from her forehead and gazes up at the leaden sky."
utter31.226,utter,JAMAL AND SALIM'S MOTHER,It's going to come. Today. I can feel it.
desc31.227,desc,,The woman next to her nods.
utter31.228,utter,WOMAN,Hope so. My head is exploding.
utter31.229,utter,MOTHER,Yes. We need rain.
desc31.230,desc,,"Jamal is trying to intercept the ball that Salim and Krishna are throwing to each other. He's not having much success. The ball flies overhead again from Salim to Krishna. Jamal dives for it, misses and goes underwater. When he comes up for air, he shakes his head, clearing his ears of water. Then he stops, listens. Shakes his head again. Definitely something strange. Thunder? Salim and Krishna are trading catches, unaware that anything has changed. But Jamal's mother has heard it too. The faintest sound of shouting, roaring. The wave of noise is still faint but getting louder. A frozen moment broken by:"
utter31.231,utter,MOTHER (CONT'D),"Run! Jamal, Salim, run!"
desc31.232,desc,,"Everybody stares at her. A train speeds through as she continues to shout, her words lost beneath the thundering train."
utter31.233,utter,MOTHER (CONT'D),Go! Run!
desc31.234,desc,,"The train goes through, the last carriage flying past suddenly opening up the sight of a wall of rioting men wielding clubs, scythes, metal bars. They come screaming across the railway tracks."
utter31.235,utter,SALIM,"Krishna, quick!"
desc31.236,desc,,Salim holds out his hand to Krishna who is wading with difficulty through the water.
utter31.237,utter,KRISHNA,No way! You're a bloody Muslim. Get away from me!
desc31.238,desc,,The rioters leap the tracks and are upon them.
utter31.239,utter,KRISHNA (CONT'D),They're Muslims! Him and him!
utter31.240,utter,MOTHER,Go!
desc31.241,desc,,"Salim and Jamal scramble out and retreat into the lanes. Salim turns to see his Mother felled by a rioter. She is surrounded by screaming, chanting men who rain blows down on her. Jamal runs back and drags Salim down an alley. As they head down the alley, they get glimpses of burning houses, fleeing women, a three- year old boy in a doorway, painted entirely in garish blue. He stares at them. In his hand, he is carrying a bow and arrow. An eleven-year old girl dressed only in a pair of pants runs after them. She has two bleeding red gashes on her back. They turn a corner and head towards some vans full of police. Jamal sees Mister Nandha, the school teacher, stops."
utter31.242,utter,JAMAL,Salim!
desc31.243,desc,,Then Mister Nandha starts walking towards him. An oasis of calm in the chaos. Jamal looks at him with relief.
utter31.244,utter,JAMAL (CONT'D),Mister Nandha.
desc31.245,desc,,"Mister Nandha smiles, walks towards them."
utter31.246,utter,MISTER NANDHA,"Ram nam satya hai, Babri Masjid dhvasth hai."
utter31.247,utter,JAMAL,Mister Nandha?
utter31.248,utter,MISTER NANDHA,"We have destroyed your mosque. Now, the followers of Ram will drive you dogs out of our city."
desc31.249,desc,,"From behind his back he produces a knife and runs towards Jamal, screaming."
utter31.250,utter,MISTER NANDHA (CONT'D),Ram has returned to his temple! Ram has returned!
desc31.251,desc,,"They flee, but Jamal turns, sees the girl, frozen. He chases back a few steps, hauls her arm. The spell broken, and they are off."
scene32,slugline,,32 INT. STREET. EVENING. 32
desc32.252,desc,,"They reach the safety of the police vans. But inside the vans, the police are smoking, laughing, playing cards. Down the street, a man comes whirling out of a doorway, his hair on fire. He falls into the middle of the street and is engulfed by rioters. Unperturbed, the police continue to chat. Salim and Jamal look on, horrified. Then one of the police men turns, looks at them. Is interested. Motions to a colleague. Puts out his cigarette with purpose."
utter32.253,utter,JAMAL,"Let's go, bhai."
desc32.254,desc,,Salim and Jamal run. The girl follows.
scene33,slugline,,33 EXT. MUMBAI. EVENING. 33
desc33.255,desc,,Salim and Jamal stand on a hill overlooking the city. Black smoke billows from a large area that is clearly the Juhu slum. Standing a little way off is the girl.
utter33.256,utter,JAMAL,We should go back.
desc33.257,desc,,Silence.
utter33.258,utter,JAMAL (CONT'D),See if Ama-
desc33.259,desc,,"Salim shakes his head fiercely, silencing Jamal for a moment. But only a moment."
utter33.260,utter,JAMAL (CONT'D),What about Jeevan Chacha?
desc33.261,desc,,Salim shakes his head.
utter33.262,utter,JAMAL (CONT'D),Maybe he-
desc33.263,desc,,Salim shakes his head again.
utter33.264,utter,SALIM,- I saw him. He was with them.
utter33.265,utter,JAMAL,But he wouldn't hurt-
utter33.266,utter,SALIM,- he was with them!
utter33.267,utter,JAMAL,But-
utter33.268,utter,SALIM,"- shut up, Jamal, can't you? Just shut up!"
desc33.269,desc,,"Salim turns away and sees the girl. Picks up a rock and hurls it at her. She dodges, takes a couple of steps back but makes no real attempt to get away. He finds another rock and hurls this in her direction too."
utter33.270,utter,SALIM (CONT'D),Ja!
desc33.271,desc,,Then a flash of lightning and thunder rumbles across the city. Rain begins to come down.
utter33.272,utter,JAMAL,What shall we do?
desc33.273,desc,,"No answer. Jamal sits down. Salim sits down. At a distance, the girl sits down. Rain pours down their faces."
scene34,slugline,,34 INT. BUILDER'S YARD. NIGHT. 34
desc34.274,desc,,"Rain as you've never seen. A pile of huge water pipes in a sprawling builder's yard. Jamal is in one pipe, Salim above him in another. They are both soaked, shivering, but have found some plastic sheet to wrap themselves in. Outside, thirty feet away, stands the girl. Staring. Salim hisses angrily at the girl."
utter34.275,utter,SALIM,"Go away. Ja, ja!"
desc34.276,desc,,The girl might not even have heard.
utter34.277,utter,SALIM (CONT'D),"She'll have the Security Guard onto us, standing there."
utter34.278,utter,JAMAL,Not if we let her in.
utter34.279,utter,SALIM,No.
utter34.280,utter,JAMAL,She could be the third musketeer.
utter34.281,utter,SALIM,"I am the head of this family, now. And I say no. Piss off, you."
desc34.282,desc,,"Salim huddles down in the pipe. After a while, Jamal follows suit."
utter34.283,utter,SALIM (CONT'D),We don't even know what the third musketeer's called.
scene35,slugline,,35 EXT. JUHU SLUM. DAY 35
desc35.284,desc,,A flash of Jamal's mother being clubbed to the ground. Her scream.
scene36,slugline,,36 INT. BUILDER'S YARD. LATER. 36
desc36.285,desc,,"Jamal wakes with a jolt and a scream half-swallowed in his mouth. He shuts his eyes tight, trying to force the image out. His breathing slows and he sees the girl staring at him. Salim, too, is staring into nothing. The rain is still falling. The girl goes back to drawing shapes in the mud with her finger. Jamal climbs out of the pipe. Looks at Salim for permission or refusal, but he just continues to stare. So, Jamal walks across to her. She looks up, wary."
utter36.286,utter,JAMAL,Where's your Mother?
desc36.287,desc,,Silence.
utter36.288,utter,JAMAL (CONT'D),Father?
desc36.289,desc,,The girl shakes her head slightly. Jamal takes the plastic sheet from around his shoulders. Gives it to her.
utter36.290,utter,JAMAL (CONT'D),I'm Jamal. He's Salim.
utter36.291,utter,LATIKA,Latika.
desc36.292,desc,,"Jamal goes back to his water pipe, climbs in. Watches her huddled under the sheet. Sighs, motions for her to join him. She darts across, jumps into the water pipe and huddles up next to Jamal."
scene37,slugline,,37 INT. INSPECTOR'S OFFICE. DAY. 37
desc37.293,desc,,Jamal looks at the Inspector.
utter37.294,utter,JAMAL,"I wake up every morning wishing I didn't know the answer to that question? If it wasn't for Ram and Allah, I would still have a Mother."
scene38,slugline,,38 INT. STUDIO. NIGHT 38
utter38.295,utter,JAMAL,D) A bow and arrow.
utter38.296,utter,JAMAL,Final answer.
desc38.297,desc,,Prem stares at him for dramatic effect. Presses his computer.
utter38.298,utter,PREM,"Computer-ji, D lock kiya-jaye."
desc38.299,desc,,"The lights dim, the music swells."
desc38.300,desc,,"Music, applause. Prem switches off his professional smile. Gets up."
utter38.301,utter,PREM (CONT'D),"Got lucky, huh? I'd take the money. You'll never get the next one."
utter38.302,utter,JAMAL,"You're from the Juhu slum, aren't you?"
utter38.303,utter,PREM,"Hmm? Sure. Know where I live now, kid? Pali Hill. Twelve bedrooms, a/c in every room, two kitchens, a gym and a screening room. Steel balls is what it takes, my friend, steel balls."
desc38.304,desc,,The Floor Manager comes over and gives his head-phones set to Prem. Prem listens.
utter38.305,utter,DIRECTOR V/O,"Prem? Tone it down, for goodness sake. You're making him a laughing stock."
desc38.306,desc,,Prem glances up at the gallery with contempt.
utter38.307,utter,PREM,We're having fun here. They love it...Where the hell do you get them from?
desc38.308,desc,,He makes no attempt to hide the conversation from Jamal.
utter38.309,utter,DIRECTOR V/O,"It's supposed to be a quiz show, not a blood sport."
utter38.310,utter,FLOOR MANAGER,Two minutes.
utter38.311,utter,PREM,Stop wetting your pants. I'll be a good little boy with the next one. Promise.
desc38.312,desc,,"He chucks the head-phones back at the Floor Manager. Glances in the wings. Sees Nita, the make-up woman. Gets up and goes over."
scene39,slugline,,39 INT. STUDIO. BACKSTAGE. NIGHT. 39
desc39.313,desc,,"In the half-light, backstage, Nita dabs his face with powder."
utter39.314,utter,PREM,Meet me after the show. Please.
utter39.315,utter,NITA,No.
utter39.316,utter,PREM,"Nita, I can explain."
utter39.317,utter,NITA,"No need. I read it in bloody Stardust. Didn't even have the balls to tell me. ""Prem's happiness with another baby on the way"". After everything you said..."
utter39.318,utter,PREM,"Baby, it all happened before I met you. I swear to you."
utter39.319,utter,NITA,"She's got the gestation period of an elephant, then."
desc39.320,desc,,"Prem is about to object. But instead, he laughs."
utter39.321,utter,PREM,"You see? Amidst all this misery, only you can make me laugh."
desc39.322,desc,,Scornful but hints of melting.
utter39.323,utter,NITA,All this misery...
utter39.324,utter,PREM,"Her and I- nothing. You have to believe me, baby..."
desc39.325,desc,,Nita turns away. The Floor Manager comes over.
utter39.326,utter,FLOOR MANAGER,One minute.
desc39.327,desc,,Prem slings himself in a chair.
utter39.328,utter,PREM,No. I'm not going on.
utter39.329,utter,NITA,Prem...
utter39.330,utter,PREM,"I can't. Without you, it's all pointless."
desc39.331,desc,,Clicks his fingers at the Floor Manager.
desc39.332,desc,,Nita shakes her head at the Floor Manager who by now is looking very worried.
utter39.333,utter,FLOOR MANAGER,Thirty seconds.
desc39.334,desc,,Prem shrugs and folds his arms. Sees her weaken.
utter39.335,utter,NITA,Prem...
utter39.336,utter,PREM,"Calypso Bar, private room, just you and me?"
utter39.337,utter,NITA,(furious) Alright.
desc39.338,desc,,"He grins, jumps up, blows her a kiss, and stalks back on stage."
scene40,slugline,,40 INT. STUDIO. NIGHT. 40
desc40.339,desc,,"He sits back down, says almost to himself."
desc40.340,desc,,Turns to Jamal.
utter40.341,utter,PREM (CONT'D),"Okay, Juhu boy, you've had a good run. Take your Mother to Khandala and eat some chiki."
utter40.342,utter,JAMAL,My Mother's dead.
utter40.343,utter,PREM,"Well, your girlfriend then. Even better."
utter40.344,utter,JAMAL,I don't have a girl-friend.
utter40.345,utter,PREM,Live wire like you? You surprise me.
utter40.346,utter,FLOOR MANAGER,"Five, four..."
desc40.347,desc,,The warm-up man starts the applause.
desc40.348,desc,,Cheering and music. Prem switches on his charm.
utter40.349,utter,PREM,"Welcome back to Who Wants to be a Millionaire! Our contestant, Jamal Malik, Call Centre Assistant- from Mumbai, is on sixteen thousand rupees and has already used one lifeline: Ask the Audience. So, my friend: are you ready for the next question?"
utter40.350,utter,JAMAL,Yes.
utter40.351,utter,PREM,"Then, let's play."
desc40.352,desc,,Portentous music. The lights dim.
utter40.353,utter,PREM (CONT'D),"For sixty-four thousand rupees. The British architect Frederick Stevens designed which famous building in India? Is it: A) The Taj Mahal. B) Chhatrapati Shivaji Terminus. C) India Gate. D) Howrah Bridge. What do you think, Jamal? Are you one of those tea-boys with a penchant for architecture?"
scene41,slugline,,41 INT. CHHATRAPATI SHIVAJI TERMINUS. DAY. 41
desc41.354,desc,,"Known to everyone as VT station, this monument to Victorian railway architecture is a dangerous place to be at rush hour. Even before the train has stopped, men are jumping from the open doors, or vaulting out of the windows or from the roof of the train to join the tens of thousands of Mumbaites streaming to and from work. A seventeen-year old Jamal squeezes himself out of a train and shoves through the crowds. He checks the time. The digital numerals flick to five O'clock. Looks around the tide of humanity."
scene42,slugline,,42 INT. STUDIO. NIGHT. 42
utter42.355,utter,PREM,"So, what's it to be? Walk away and this cheque for sixteen thousand rupees is yours. Look, it's even got your name on it."
desc42.356,desc,,He produces a cheque and waves it at Jamal.
utter42.357,utter,JAMAL,I don't have a bank account.
desc42.358,desc,,Laughter from the audience. Prem is momentarily wrong- footed.
utter42.359,utter,JAMAL (CONT'D),But I'll take cash.
desc42.360,desc,,"More laughter, this time with Jamal, rather than at him. Prem gets up and starts rummaging theatrically through his jacket pockets and trousers."
utter42.361,utter,PREM,Nope. Looks like the Producer's stolen my wallet again-
utter42.362,utter,JAMAL,- I'll play.
desc42.363,desc,,Nobody was expecting this. Least of all Prem who has to rearrange his features into one of surprised delight. He sits down.
utter42.364,utter,PREM,You'll play?
utter42.365,utter,JAMAL,Why not?
utter42.366,utter,PREM,"Well, well, well. We've got a wild one, here."
desc42.367,desc,,Prem tears up the cheque with theatrical slowness.
utter42.368,utter,PREM (CONT'D),"For sixty-four thousand rupees, Ladies and Gentlemen, the question once again...."
scene43,slugline,,43 INT. CHHATRAPATI SHIVAJI TERMINUS. DAY. 43
desc43.369,desc,,"The digital clocks show five fifteen. Shoving the descending river of people out of his way, the eighteen year-old Jamal is forging a path up steps that cross the platforms. He pushes to the middle of the footbridge and leans out on the side railings. He scans the sea of people, desperately. Then he sees her: the eighteen year-old Latika, heart-stoppingly beautiful, over the other side of the station. A world away. She is scanning the crowd, as wired as he is."
utter43.370,utter,JAMAL,Latika! Latika!
desc43.371,desc,,"But though he is screaming her name, his voice is swallowed by the noise around him. Then he sees two thuggish-looking men also fighting a way towards her."
utter43.372,utter,JAMAL (CONT'D),Latika!
desc43.373,desc,,"Frightened now, he fights his way down the steps, one figure against an army of white-robed people."
utter43.374,utter,JAMAL (CONT'D),Latika!
utter43.375,utter,JAMAL V/O,Chhatrapati Shivaji Terminus. Chhatrapati Shivaji Terminus. Sure?
utter43.376,utter,JAMAL V/O,"I think so. You think so. A brave man, Ladies and Gentlemen, a brave man."
scene44,slugline,,44 INT. CHHATRAPATI SHIVAJI TERMINUS. DAY. 44
desc44.377,desc,,"The commuters have mostly gone. Jamal is pacing the platform desperately. He stops, stares blankly at the statue in front of him- a proud, rather pompous figure in a Victorian frock coat. The plaque reads: Frederick Stevens."
scene45,slugline,,45 INT. INSPECTOR'S OFFICE. NIGHT. 45
desc45.378,desc,,"The Inspector, Srinivas and Jamal are staring at the video recorder."
utter45.379,utter,JAMAL,"Yes. Final answer. Chhatrapati Shivaji Terminus. Is the right answer! Sixty-four thousand rupees to you, Sir!"
desc45.380,desc,,Applause and music. The Inspector presses pause. Stares at Jamal.
utter45.381,utter,INSPECTOR,And did she come back?
desc45.382,desc,,Jamal smiles sadly.
utter45.383,utter,JAMAL,I wouldn't be here if she had.
utter45.384,utter,INSPECTOR,Pretty was she?
desc45.385,desc,,Jamal stares down at his feet.
utter45.386,utter,INSPECTOR (CONT'D),Guess not.
desc45.387,desc,,Right in the eyes.
utter45.388,utter,JAMAL,The most beautiful woman in the world.
desc45.389,desc,,"Constable Srinivas snorts. Suddenly, Jamal is out of his chair and at Srinivas' throat. The combined force of the Inspector and Srinivas force him roughly back down. He is again handcuffed to the chair."
utter45.390,utter,INSPECTOR OF POLICE,"Well, well. The slum dog barks. Money or women. The reason for most mistakes in life. Looks like you got mixed up with both. Srinivas, you need the exercise: a trip to VT Station to check on the statue. And lock your bloody bike up."
desc45.391,desc,,Constable Srinivas swears under his breath but bumbles
utter45.392,utter,INSPECTOR,"That's the chutiye out the way. Now, man to man. How did you know all the answers?"
utter45.393,utter,JAMAL,"If I knew, I'd tell you."
scene46,slugline,,48 INT. STUDIO. NIGHT. 48
utter46.394,utter,JAMAL,No.
utter46.395,utter,PREM,No?
utter46.396,utter,JAMAL,I know this one.
utter46.397,utter,PREM,"Oh. I see. An expert on the poets, huh?"
desc46.398,desc,,"The lights dim, the music swells and Prem presses his computer."
scene47,slugline,,49 EXT. MUMBAI STREET. NIGHT. 49
desc47.399,desc,,Jamal is studying a piece of paper and reading out numbers from it. There is something not quite right about Jamal- perhaps the fact that there are two feet by his ears. Salim is standing on his shoulders and spraying the numbers on a wall with an aerosol and a certain lack of confidence.
utter47.400,utter,JAMAL,"Four, nine, zero, nine- the one with the stick going down, Salim- six- stick going up-"
desc47.401,desc,,Latika's head appears from around the corner.
utter47.402,utter,LATIKA,(whispered) Oi!
desc47.403,desc,,But they don't hear. Then she is running for her life past the pair of them.
utter47.404,utter,JAMAL,"Six, one, shit, let's go-"
desc47.405,desc,,"Salim collapses off Jamal's shoulders and all three run off down an alley past a dozen of the gang's sprayed-on adverts all reading: ""Beanbags- 989 4909661"". A fat Security Guard with a long stick huffs round the corner. Chases them up an alley. Nowhere to go except through an imposing gate that clearly leads to a"
scene48,slugline,,private house.
utter48.406,utter,SECURITY GUARD,"Got you now, little shits."
scene49,slugline,,50 EXT. GARDEN. NIGHT. 50
desc49.407,desc,,"They charge across the lawn, down one side of the house where all the washing is hanging. The Guard gets caught up in drying sheets, towels. He fights his way through to see Salim, Latika and Jamal leaping over the wall to safety. But Jamal turns, jumps back and grabs a girl's dress from the line."
utter49.408,utter,SECURITY GUARD,Aha! Little thief!
desc49.409,desc,,"The Security Guard lands a couple of blows on Jamal's back as he dodges around him and back across the lawn, dress in hand. The Security Guard gives up."
utter49.410,utter,SECURITY GUARD (CONT'D),Pervert!
scene50,slugline,,51 INT. ALLEY. NIGHT. 51
desc50.411,desc,,Jamal is examing the bruises on his legs.
utter50.412,utter,SALIM,"Useless bloody look-out. What good is she, huh?"
utter50.413,utter,LATIKA,(infuriated) I tried to warn you.
utter50.414,utter,JAMAL,"It's okay, Salim."
desc50.415,desc,,"Latika slips on the dress. Spins. Both of them look up. Stare. She pulls her hair back, smiles, is transformed into a beautiful girl."
scene51,slugline,,52 EXT. GORAI BEACH DUMPING GROUND. DAY. 52
desc51.416,desc,,"Blazing sun. Diggers and trucks are shifting mounds of rubble on a rubbish dump that seems to stretch for ever. Oblivious to the dust kicked up by the trucks, Latika is picking up old plastic bags, examining each one and putting the less worn in a big sack. The dress is recognisable but dusty and torn. She stoops to dig another bag out of the dirt, but stops and stares. Shimmering in the heat, a rickety pick-up truck comes through the rubbish dump gates. Toots at the Guard who waves, pulls up in the dump. ""Hope Orphanage is written on the side of the van. A man gets out. Looks around."
scene52,slugline,,53 INT. `TENT'. DAY. 53
desc52.417,desc,,"Under sheets of plastic propped up on sticks, Jamal and Salim are sleeping out the hottest part of the day. Jamal wakes to see a figure standing over him- a silhouette with a halo of sun behind him. Out of his bag, the man produces a bottle of Thumbs Up. He uncaps it with an alluring hiss. It is almost an advert for thirst-quenching affluence. Almost instinctively, Salim and Jamal stir."
utter52.418,utter,MAN,Hello.
desc52.419,desc,,"He hands the bottle to Salim, gets another from his bag and waves it questioningly at Jamal."
utter52.420,utter,MAN (CONT'D),"Hot, huh? My name is Maman."
scene53,slugline,,"54 EXT. ORPHANAGE. EVENING. 54 The hills on the edge of Bombay. Greenery and space,"
desc53.421,desc,,"for the first time in the film. The pick-up truck pulls up outside a building with Jamal, Salim and Latika sitting on a bench in the back. Maman gets out. Drops the gate on the back of the pick-up."
utter53.422,utter,MAMAN,Anyone hungry? Come on in.
scene54,slugline,,55 INT. ORPHANAGE COURTYARD. EVENING. 55
desc54.423,desc,,"Twenty children are eating at long benches in a ramshackle courtyard. Maman, ushers Jamal, Salim and Latika in and sits them down at one of the benches. He waves a hand and a giant man, Punnoose, comes over with a big bowl of food. The three tear into it. Cleaning every last morsel of rice from his plate, Jamal looks up and notices a table peopled entirely with blind or crippled children. Some of the legless are eating on the floor next to the table. Jamal leans over to Salim."
utter54.424,utter,JAMAL,He must be a very good man to look after these people.
utter54.425,utter,SALIM,(glancing at them) A saint.
desc54.426,desc,,"Arvind, a boy smaller than either Jamal or Salim overhears."
utter54.427,utter,ARVIND,We're not allowed to talk to them.
utter54.428,utter,LATIKA,Why not?
desc54.429,desc,,"Arvind shrugs. Latika licks her plate, glances at Maman who is looking right at them."
utter54.430,utter,LATIKA (CONT'D),"Well, if there are seconds, Maman is definitely a Saint."
desc54.431,desc,,"As if telepathic, Maman signals to Punnoose and he brings a large bowl of rice and dhal over to them. Latika looks at Jamal and Salim. They burst out laughing."
utter54.432,utter,LATIKA (CONT'D),"I tell you, Lord Siva is with us."
scene55,slugline,,56 INT. ORPHANAGE. EVENING. 56
desc55.433,desc,,"Salim, Latika, Jamal and a group of children are standing in a line singing a doha- ancient lyrics set to music. Maman is leading the singing, walking up and down the line listening to each one individually. He stops at one small boy, Arvind, and listens. Nods his head, pleased, and continues down the line until he stops in front of Jamal. Holds up his hand."
utter55.434,utter,MAMAN,Stop! You. Again.
desc55.435,desc,,"Jamal starts singing again. He has the sweetest of voices. Untrained but pure. Maman smiles, ruffles Jamal's hair, impressed."
utter55.436,utter,MAMAN (CONT'D),Everyone.
desc55.437,desc,,"They all join in. Maman continues down the line. He stops at Salim whose octave-slipping singing is lusty and appallingly out of tune. Maman winces and moves on. Standing next to Salim, Latika giggles. Immediately, Salim is on her. Before a fight breaks out, Punnoose pulls Salim off Latika and hurls him across the room. Salim gets up and charges at Punnoose. For a second, Punnoose is back-footed, but then pins Salim's arms to his side. Maman laughs. Approaches Salim."
utter55.438,utter,MAMAN (CONT'D),"You sing like one, and you fight like one. I think you've found your dog, Punnoose."
scene56,slugline,,57 EXT. CENTRAL MUMBAI TRAFFIC. DAY. 57
desc56.439,desc,,"A group of children are sitting in the jumble of concrete under a motorway flyover. Cars surround them, bumper to bumper. Latika and Jamal are playing an improvised hopscotch on concrete slabs. They are giggling, bumping into each other, tickling, laughing. Salim and Punnoose are sitting together, smoking. Salim is staring hard at Jamal and Latika until Punnoose grunts, a sign for Salim to clap his hands."
utter56.440,utter,SALIM,"Okay, let's go, let's go! It's not a bloody holiday!"
desc56.441,desc,,"The children get to their feet. Latika sighs, puts a patch over her eye and grabs a pair of crutches. Suddenly, the lame beggar. Salim goes over to one of the girls, who is carrying a sleeping baby. Puts out his hand."
utter56.442,utter,SALIM (CONT'D),Give me that.
desc56.443,desc,,The girl shakes her head. Salim grabs her by the hair in one hand and takes the baby with the other. He shoves her to the ground. The other children stare.
utter56.444,utter,JAMAL,"Hey, Salim!"
desc56.445,desc,,He challenges Jamal.
utter56.446,utter,SALIM,"What, chote bhai? You got a problem?"
desc56.447,desc,,He laughs and walks over to Latika.
utter56.448,utter,SALIM (CONT'D),Here. For you.
utter56.449,utter,LATIKA,I don't want it.
utter56.450,utter,SALIM,"You'll earn double. I'm doing you a favour, Latika."
utter56.451,utter,JAMAL,She doesn't want it.
utter56.452,utter,SALIM,"Chup, Jamal."
desc56.453,desc,,Latika turns away and begins to walk towards the cars.
utter56.454,utter,SALIM (CONT'D),I'll drop it.
desc56.455,desc,,He holds the baby up. Latika grabs the baby with a cry just as Salim releases it from his hands. Salim pinches the baby.
utter56.456,utter,SALIM (CONT'D),Triple if it's crying.
desc56.457,desc,,"Latika snatches it away. Salim laughs, goes back to sitting with Punnoose. The children scatter to the cars trapped at the lights, tapping plaintively on the windows and making the universal begging gesture."
scene57,slugline,,58 INT. ORPHANAGE. KITCHEN. NIGHT. 58
desc57.458,desc,,"Surrounded by beer bottles, Punnoose is slumped asleep by the kitchen door. Latika edges past, avoids the cook sleeping under the table and goes to a shelf laden with vegetables. She pulls down a bunch of chillies still on the vine, strips a few off and tip-toes out with them."
scene58,slugline,,59 INT. ORPHANAGE. DORMITORY. NIGHT. 59
desc58.459,desc,,"Sleeping children, three or four to a mattress on the floor. Latika tip-toes around the mattresses. She pauses over one in particular where we see Salim, asleep. She carefully pulls up the sheet, delves underneath. Pleasant dreams cross Salim's sleeping face for a second. Then suddenly, he is bolt upright and screaming. He charges around the room clutching his genitals in agony."
utter58.460,utter,SALIM,Madher chod...!
desc58.461,desc,,"He sprints out of the room, wailing."
scene59,slugline,,60 INT. ORPHANAGE. SHOWERS. NIGHT. 60
desc59.462,desc,,"The lights are on and two dozen children are screaming with laughter as Salim stands under the make-shift shower directing the water down his pants to his burning genitals, his face a picture of agony. Latika wipes crushed chillies from her hands."
utter59.463,utter,SALIM,"You're dead, sala."
desc59.464,desc,,She smiles and walks past Jamal with a shrug. Then Punnoose comes stalking in and the children scatter away.
utter59.465,utter,PUNNOOSE,"Get back to bed, dogs! What the hell..."
utter59.466,utter,JAMAL V/O,They taught me every song in the history of Indian music.
utter59.467,utter,INSPECTOR V/O,"And why would they do that, I wonder?"
scene60,slugline,,61 INT. SHACK. NIGHT. 61
desc60.468,desc,,"In a shack, Arvind is singing one of Surdas' bhajans in front of Maman and an old man who by his ragged appearance must be a villager. Punnoose and Salim sit behind Arvind."
utter60.469,utter,MAMAN,"Very good, very good. I am pleased, Arvind. He is ready."
utter60.470,utter,ARVIND,Ready?
desc60.471,desc,,"Maman nods to Punnoose. Before Arvind can turn round, Punnoose has covered his mouth with a cloth and after the briefest of struggles, Arvind's body goes limp. The villager puts an old tin box on the table. Taking the lid from the tin, he brings out a cloth and unwraps it. Inside is a spoon. He checks the edge with his thumb. Sharp. Douses it with a clear liquid from a bottle and passes it over a candle flame. The spoon whooshes with a high flame for a moment. The villager wipes it with the cloth nods to Punnoose."
utter60.472,utter,PUNNOOSE,Salim!
desc60.473,desc,,"Utterly bemused, Salim nevertheless helps Punnoose lay Arvind on the table. The villager takes hold of Arvind's eyelid and pulls it open. He brings the spoon close. Suddenly, Salim is being sick in the corner of the shack. By the time he has turned back, the villager is wiping the spoon on a blood-soaked rag."
utter60.474,utter,MAMAN,Okay. Take him out the back.
desc60.475,desc,,Punnoose picks up Arvind and carries him out.
utter60.476,utter,MAMAN (CONT'D),"Now the other one. Salim, go get Jamal."
desc60.477,desc,,A frozen moment.
utter60.478,utter,SALIM,What?
utter60.479,utter,MAMAN,"Gunfighter Number One, isn't that right, Salim? The money, the women, the cars...you want them bad, huh? And why not?"
desc60.480,desc,,Maman gets out of his chair. Approaches Salim.
utter60.481,utter,MAMAN (CONT'D),"The time has come to choose, yaar. The life of a slum dog or the life of a man. A real man. A gunfighter, Salim."
desc60.482,desc,,Maman holds Salim's head in his hands.
utter60.483,utter,MAMAN (CONT'D),"Your destiny is in your hands, bhai. You can be me. Or nobody. Understand?"
utter60.484,utter,SALIM,"Yes, Maman."
desc60.485,desc,,Maman nods.
utter60.486,utter,MAMAN,"So, brother, go get Jamal."
desc60.487,desc,,"Salim is frozen for another few seconds, then turns and walks out of the door. Punnoose appears at the door. Maman nods to him and he slips off after Salim."
scene61,slugline,,"62 INT. DORMITORY, ORPHANAGE. NIGHT. 62"
desc61.488,desc,,All the children are asleep apart from Jamal who is crouched underneath a couple of wash-basins. He is talking through a plate-sized hole in the crumbling masonry. Latika's eyes can be seen.
utter61.489,utter,JAMAL,"...weddings, government things, big parties. If Maman says my voice is ready. Big money."
utter61.490,utter,LATIKA,Enough for a room?
utter61.491,utter,JAMAL,Easily. Maybe an apartment.
utter61.492,utter,LATIKA,Really?
utter61.493,utter,JAMAL,"That's what Arvind said. On Harbour Road. You, me and Salim. The three musketeers."
utter61.494,utter,LATIKA,Harbour Road! We can have ice cream from Babanji's.
utter61.495,utter,JAMAL,Every day if we want.
desc61.496,desc,,Salim appears at the door. Nods his head at Jamal.
utter61.497,utter,JAMAL (CONT'D),It's my turn.
utter61.498,utter,LATIKA,"Good luck, Jamal."
desc61.499,desc,,Latika's hand comes through the gap. Jamal takes it for a moment. Salim hisses at Jamal. He lets go of the hand and heads out.
scene62,slugline,,63 EXT. PATH. NIGHT. 63
desc62.500,desc,,"Salim and Jamal walk along the path, Jamal humming happily. Salim checks behind him, sees Punnoose following."
utter62.501,utter,JAMAL,"So, this is it, hey, bhai? The good life, here we come...."
utter62.502,utter,SALIM,(conversationally) Athos.
desc62.503,desc,,Jamal is suddenly alert. Slows
utter62.504,utter,JAMAL,Porthos?
desc62.505,desc,,Salim nods. Big smile. Puts a hand on Jamal's shoulder.
utter62.506,utter,SALIM,When I say.
scene63,slugline,,64 INT. SHACK. NIGHT. 64
desc63.507,desc,,Salim guides Jamal into the shack where Maman and the Villager are waiting. Maman smiles. Punnoose slips in behind Salim.
utter63.508,utter,MAMAN,"Jamal, hello. You have done well. It's time for you to- turn professional."
utter63.509,utter,JAMAL,Really?
utter63.510,utter,MAMAN,"Sing me a song, yaar. How about Chalo Ri Murali, huh? My favourite."
desc63.511,desc,,"Jamal opens his mouth, then closes it again. Holds out his hand."
utter63.512,utter,JAMAL,Fifty rupees.
utter63.513,utter,MAMAN,What?
utter63.514,utter,JAMAL,(shrugs) I've turned professional. What can I do?
desc63.515,desc,,Maman laughs.
utter63.516,utter,MAMAN,Sala...!
desc63.517,desc,,He throws some notes at him.
scene64,slugline,,65 EXT. SHACK. NIGHT. 65
desc64.518,desc,,"Outside, a giggle. Latika is peering through a gap in the wall."
scene65,slugline,,66 INT. SHACK. NIGHT. 66
desc65.519,desc,,"Jamal begins to sing. Maman waits a while, then nods to Punnoose. Behind Jamal, Punnoose hands Salim the bottle of chloroform and the rag. Salim approaches the back of Jamal. Salim waits until he has finished the song. Raises his hand with the rag in it. Maman smiles, nods. Salim flings the contents of the bottle in Punnoose's face. Punnoose screams and stumbles back clutching his eyes, knocking over the table."
utter65.520,utter,SALIM,Go!
desc65.521,desc,,Salim and Jamal scramble for the door. The knocked-over candle catches the spilled chloroform and a curtain which whooshes up in flame.
utter65.522,utter,LATIKA,Jamal!
utter65.523,utter,JAMAL,Run!
scene66,slugline,,66A EXT. SHACK. NIGHT. 66A
desc66.524,desc,,They charge past the prone Arvind- a flash of bloodied bandages covering his eyes.
scene67,slugline,,67 EXT. HILLSIDE. NIGHT. 67
desc67.525,desc,,"Heavy, desperate breathing. Feet stumble on roots. Fall into holes. The three children are running. Branches smack into their faces. But they are so scared, nothing will stop them. Behind them, torches scour the undergrowth. Men shouting. They break out of the woods and are confronted with a train goods yard."
scene68,slugline,,68 EXT. GOODS YARD. NIGHT. 68
desc68.526,desc,,"They run over the tracks, between the trains, but the shouts are getting louder, the torches closer. A diesel engine is moving out of the station. Jamal, Latika and Salim sprint for the Guard's Van at the very back of the moving train. Punnoose is closest to them. Salim is fastest and first to jump the train. He holds out his hand. Jamal grabs it and is hauled in. Jamal holds his hand out to Latika."
utter68.527,utter,JAMAL,Come on! Faster!
desc68.528,desc,,She reaches out to him. Their hands almost touch.
utter68.529,utter,JAMAL (CONT'D),Take it! Take it! I can't reach...
desc68.530,desc,,"Salim barges Jamal out of the way. Jamal stumbles back as Salim reaches his hand out to Latika, so he doesn't see Latika's hand grasp Salim's, nor see their eyes lock onto each other, nor see Salim very deliberately let go of her hand. Latika stumbles."
utter68.531,utter,LATIKA,Jamal!
desc68.532,desc,,"Jamal scrambles to the rail. The train gains more speed. Jamal climbs on to the top rung, makes to jump, but Salim flings him backward. Jamal tries to scramble to his feet again, but Salim restrains him."
utter68.533,utter,JAMAL,Got to go back. We've got to go back.
utter68.534,utter,SALIM,He'll kill us if we go back. Jamal! He was going to take your eyes out- with a bloody spoon!
desc68.535,desc,,The train is speeding along. Jamal breaks free and stares back at Latika.
utter68.536,utter,SALIM (CONT'D),She'll be alright. She always is.
desc68.537,desc,,Latika stumbles again and stops running. They watch as Punnoose catches up with her and stops running. He smashes Latika to the ground.
scene69,slugline,,69 INT. STUDIO. NIGHT. 69
utter69.538,utter,PREM,"The question was, for two hundred and fifty thousand rupees: who wrote the famous song Chalo Ri Murali. I should warn you, Jamal: from this question on, if you get the answer wrong you lose everything. So. Are you sure? The life-lines are there...."
utter69.539,utter,JAMAL,Surdas.
utter69.540,utter,PREM,Surdas. Apka final jawab?
utter69.541,utter,JAMAL,"Yes. Computer-ji, A lock kiya-jaye."
desc69.542,desc,,"The lights dim, the music swells. Prem presses a button on his computer: looks him straight in the eyes for an age."
utter69.543,utter,PREM (CONT'D),(simply) Guess what? You're right.
desc69.544,desc,,"Applause, music, lights."
scene70,slugline,,70 INT. INSPECTOR'S OFFICE. DAY. 70
desc70.545,desc,,"The Inspector is eying Jamal, weighing it all up."
utter70.546,utter,JAMAL,(shrugging) Blind singers earn double. You know that.
utter70.547,utter,INSPECTOR,And what happened to the girl? They blinded her too?
utter70.548,utter,JAMAL,"(shakes his head) They had other plans. Though it took me a long, long time to find out."
scene71,slugline,,71 EXT. TRAIN. MORNING. 71
desc71.549,desc,,Salim and Jamal are sitting on top of the train. Jamal is staring blankly down the track.
utter71.550,utter,SALIM,"Are, Jamal..."
desc71.551,desc,,"Salim puts an arm around Jamal's shoulder. Jamal wipes the tears from his eyes, shakes his head furiously. Salim gets up. Holds out his hand."
utter71.552,utter,SALIM (CONT'D),Come.
utter71.553,utter,JAMAL,Where you going?
utter71.554,utter,SALIM,"First class, bhai. Where else?"
scene72,slugline,,72 INT/ EXT. FIRST CLASS CARRIAGE. MORNING. 72
desc72.555,desc,,"The ancient train is huffing slowly up an incline. A middle class Indian couple with their three children are sitting at a table, their breakfast spread before them. Into this domestic scene, unseen by them comes Jamal. Upside down and still outside the train, he is clearly being dangled by his ankles from the train roof. He gives a few, silent directional signs to Salim who manoeuvres him across, dips his hand into the open window, snatches a chapatti and signals franticly to be hoisted up. The family continue to eat, unperturbed. Then Jamal appears again. This time one of the children spots him. Despite Jamal giving her a friendly wave, she yelps. The father of the group grabs Jamal's hand which has just snatched a samosa. There is a tussle, Salim holding onto Jamal's legs, the father holding onto Jamal's arms and Jamal in the middle, shouting. Salim is losing the battle and his footing. He stumbles and the pair of them fall from the train, rolling and tumbling down an embankment in slow-motion. Interspersed with the seemingly endless tumble are images of Jamal and Salim on top of different trains- - huddled together against the freezing rain... - surfing the wind at the front of the train... - admiring the distant Himalaya...."
utter72.556,utter,JAMAL V/O,We criss-crossed the country from Rajasthan to Calcutta. Every time we were thrown off we got back on again. This was our home for years. A home with
desc72.557,desc,,wheels and a whistle. The final tumble as they crash onto flat ground.
scene73,slugline,,73 EXT. RAILWAY EMBANKMENT. DAY. 73
desc73.558,desc,,"Groggily, Jamal sits up and groans. Somehow in the tumble, he has been transformed into a twelve year-old. And Salim a strong fourteen year-old. Through the haze of pain and dust, Jamal sees something glinting in the distance- something impossibly beautiful."
utter73.559,utter,JAMAL,Salim? Is this heaven?
utter73.560,utter,SALIM,"You're not dead, Jamal."
desc73.561,desc,,Jamal clears his head. Sees Salim picking himself up from the ground. But the apparition is still there.
utter73.562,utter,JAMAL,So what's that?
utter73.563,utter,SALIM,Wow.
desc73.564,desc,,"They stare at the apparition. The unmistakable outline of the Taj Mahal rises from the horizon, pink in the morning sun. Nothing could be more beautiful."
utter73.565,utter,JAMAL,"Some hotel, huh?"
scene74,slugline,,74 EXT. TAJ MAHAL. DAY. 74
desc74.566,desc,,"Jamal and Salim wander under the great dome of the Taj Mahal. Two tiny slum kids dwarfed by this massive monument to love. It is a moment of genuine wonderment for them. Then a tour guide bustles nearby, tourists flowing behind him."
utter74.567,utter,GUIDE,"...there are five main elements to the Taj. The Darwaza, the main gateway, the Bageecha or garden, the Masjid or mosque, the Naqqar Khana, the rest house and the Rauza or mausoleum. If you would like to follow me, I will show you the ninety-nine"
scene75,slugline,,names of Allah on Mumtaz's tomb.
desc75.568,desc,,"shoes. Jamal follows the Guide and his entourage into the mausoleum. Salim meanwhile is studying the line of shoes. Tries a smart pair of women's court shoes, before slipping a foot into a nice, white sneaker. A smile crosses his face. His other foot quickly follows and he saunters away, all mock-innocence."
scene76,slugline,,75 EXT. TAJ MAHAL. DAY 75
desc76.569,desc,,"Jamal comes out of the mausoleum into the bright sunlight and looks around for Salim. No sign of him. Suddenly, a German couple approach."
utter76.570,utter,ADA,"Please, what time is the next tour?"
utter76.571,utter,JAMAL,Err-
utter76.572,utter,PETER,- so much waiting around in this damned country.
desc76.573,desc,,Jamal notices that he is standing next to a sign advertising guided tours of the Taj.
utter76.574,utter,JAMAL,"No, I-"
utter76.575,utter,ADA,"- we're on a very tight schedule, you see, young man. Have to see the Red Fort this afternoon. Would it be possible to show us around now? Obviously we understand it would cost more for just the two of us..."
desc76.576,desc,,Peter waves a couple of thousand rupee notes at Jamal. His eyes widen.
utter76.577,utter,JAMAL,"But of course, Madam. Please follow me."
desc76.578,desc,,Jamal stalks off. The Germans follow. Jamal stops before the monument. Points a confident arm at it.
utter76.579,utter,JAMAL (CONT'D),This is....the Taj Mahal.
desc76.580,desc,,A terrible pause as Peter and Ada stare at him. Clearly more is expected. He moves off at a pace.
utter76.581,utter,JAMAL (CONT'D),"The Taj Mahal was built by the Emperor Khurram for his wife Mumtaz who was maximum beautiful woman in the whole world. When she died, the Emperor decided to build this five star hotel for everyone who wanted to visit her tomb...but he died in- in of the rooms were built. Or the lifts. The swimming pool, however, as you can see was completed on schedule in top class fashion."
desc76.582,desc,,He waves confidently in the direction of the fountains.
utter76.583,utter,ADA,It says nothing of this in the guide book.
utter76.584,utter,JAMAL,"With respect, Madam, the guide book is written by a bunch of lazy, good-for-nothing, Indian beggars. Oh."
utter76.585,utter,JAMAL,"And this, Lady and Gentleman, is burial place of Mumtaz. How did she die?"
utter76.586,utter,JAMAL,A road traffic accident.
utter76.587,utter,ADA,Really?
utter76.588,utter,JAMAL,Maximum pile-up.
utter76.589,utter,PETER,(suspicious) I thought she died in child- birth.
utter76.590,utter,JAMAL,"(nodding sagely) Exactly, Sir. She was on the way to the hospital when it happened."
desc76.591,desc,,Jamal moves on. Ada and Peter exchange a glance.
utter76.592,utter,ADA,(shrugging) You've seen the way they drive around here...
scene77,slugline,,76 EXT. TAJ MAHAL. DAY. 76
desc77.593,desc,,Montage of Jamal authoritatively showing tourists around the Taj Mahal.
utter77.594,utter,JAMAL V/O,It was the best-paid job I've ever had.
utter77.595,utter,JAMAL,"This is the Princess Diana seat, Madam. Allow me."
desc77.596,desc,,"Jamal shows the tourist a battered postcard of Princess Diana, staring doe-eyed into the distance with the Taj behind. The tourist sits. Jamal adjusts her legs so that they match the postcard. Takes the photo...."
utter77.597,utter,SALIM O/S,Tourist police!
desc77.598,desc,,"...and abandons the woman with a polite bow, charging for safety as two Police Officers race towards him."
scene78,slugline,,77 EXT. TAJ MAHAL. DAY. 77
desc78.599,desc,,"Jamal stands a Tourist on a wall and positions his hands to create the optical illusion that he is dangling the Taj from his fingers. Takes a photo for the Tourist. Behind the Tourist, Salim and a boy called Shankar pick up the Tourist's shoes and saunter casually across the grass."
scene79,slugline,,78 EXT. ROADSIDE MARKET. AGRA. DAY. 78
desc79.600,desc,,"By the side of a busy market street Salim stands next to a row of stolen shoes. Sneakers, court shoes, sandals, high heels...he is busy bartering with a man over a pair whilst Jamal tries to shout up business."
utter79.601,utter,JAMAL,"Top-class fashion, bottom-class prices! Shoes for all! Shoes for all!"
scene80,slugline,,"79 EXT. BOYS CAMP, YAMUNA RIVER. DAY. 79"
desc80.602,desc,,"Hectares of drying clothes by the side of the river. Spectacular squares of red, saffron, white. Not far away from the dhobi ghat, there is a makeshift slum- camp where Salim and a gang of children are sitting, smoking. Jamal joins them, hands over a wad of rupees to Salim. Salim counts the cash, hands half to Shankar and slaps Jamal so hard on the back that he nearly falls over."
utter80.603,utter,JAMAL V/O,And life was good.
scene81,slugline,,80 EXT. SLUM. DAY. 80
desc81.604,desc,,Jamal gets out of a new Mercedes driven by an Indian Man. A middle-aged American couple also get out. Jamal points them down a lane which opens out on India's largest dhobi where hundreds of women are beating clothes on stone slabs.
utter81.605,utter,JAMAL,"This is the biggest dhobi ghat in the whole of India, Mister David. (MORE)"
utter81.606,utter,JAMAL (CONT'D),They say that every man in Uttar Pradesh is wearing a kurta that has been washed here at least one time.
utter81.607,utter,CLARK,"Is that so? That's amazing. Let's get a look at this, Adele."
desc81.608,desc,,"He gets out his video camera and wanders towards the dhobi ghat. Behind them a motor rickshaw pulls up. Salim, Shankar and a couple of the street kids from the Taj leap out. Within seconds, the Mercedes is up on bricks and the wheels are being removed. Salim takes a hacksaw to the Mercedes badge on the bonnet, whilst urging the others on."
utter81.609,utter,SALIM,"Are, sala! Formula One, Formula One! Pit-stop ka speed, Schumacher ka ishtyle"
desc81.610,desc,,The crowds in the lane barely notice as the car is stripped of all its parts.
utter81.611,utter,SALIM (CONT'D),"Go, go!"
desc81.612,desc,,"A shout from the top of the lane and the boys scatter, bouncing the four wheels at speed down the lane. Jamal, the Indian driver and the two Americans return. They stop in front of the denuded car."
utter81.613,utter,CLARK,Woah. What happened here?
desc81.614,desc,,Suddenly the Indian driver is slapping Jamal ferociously around the head with one of his shoes.
utter81.615,utter,DRIVER,"I give you two tight slaps, mader chod!"
utter81.616,utter,JAMAL,"I don't know! I didn't do it, did I...? Nothing to do with me...get off!"
desc81.617,desc,,"But the beating continues, the driver kicking Jamal down onto the floor. The two Americans stare, uncertain what to do."
utter81.618,utter,ADELE,"Do something, Clark."
utter81.619,utter,CLARK,"Well, I- I dunno, I-"
desc81.620,desc,,"Finally Clark intervenes, pulling the driver off Jamal."
utter81.621,utter,CLARK (CONT'D),"Okay, okay, just cool it. You're insured, aren't you? Jesus Christ..."
desc81.622,desc,,Jamal sits up. He is bleeding from his nose and mouth.
utter81.623,utter,CLARK (CONT'D),You okay?
utter81.624,utter,JAMAL,"You wanted to see the `real India', Mister David. Here it is."
utter81.625,utter,ADELE,"Well, here's a bit of the real America, too, son."
desc81.626,desc,,Adele pulls out his wallet and rummages for dollars.
scene82,slugline,,81 EXT. YAMUNA RIVER. NIGHT. 81
desc82.627,desc,,"A battered Jamal limps along the river bank towards the Taj. He stops, bathes his swollen face in the river. Then looks up. Strange lights appear to emanate from the base of the monument. And then strange sounds."
scene83,slugline,,82 EXT. TAJ MAHAL. NIGHT. 82
desc83.628,desc,,Jamal climbs a crumbling wall and is confronted with an opera taking place right under the dome. Gluck's Orfeo ed Euridice. Hundreds of India's smartest professionals are watching from banked seating on a scaffolding frame.
scene84,slugline,,83 EXT. STANDS. NIGHT. 83
desc84.629,desc,,Jamal and a couple of street kids slip under the scaffolding supporting the banked seats. The street kids are trying to reach the hand-bags of the women above them.
utter84.630,utter,BOY,"(hissing) Oi, Jamal! There's a woman with no panties on over here."
desc84.631,desc,,"Jamal reaches up and easily lifts a wallet from a man's trouser pocket. On stage, the actors start singing. Jamal seems to have forgotten the wallet and stares, mesmerised, at the stage."
utter84.632,utter,WOMAN,Why don't you put it back and listen to the music?
desc84.633,desc,,"Jamal starts, makes to run, but the woman who spoke holds out a cigarette. A Canadian back-packer is sitting, staring at the singers."
utter84.634,utter,WOMAN (CONT'D),"It's called Orfeo. Orpheus and Eurydice. Orpheus- that one there- is looking for his lover, Eurydice. She died, but he can't live without her."
desc84.635,desc,,She hands him a cigarette. He puts the wallet back. She smiles at him and they both turn to the stage.
utter84.636,utter,WOMAN (CONT'D),The pain is so bad that he goes to the underworld- the place we go when we die- to try to get her back.
utter84.637,utter,JAMAL,You can't do that. Can you?
utter84.638,utter,WOMAN,(shrugging) You can in opera.
utter84.639,utter,JAMAL,Does he find her?
utter84.640,utter,WOMAN,Watch and see.
desc84.641,desc,,Jamal watches as Orpheus sings one of the most beautiful pieces of music a human is likely to hear. Tears are running down Jamal's cheeks.
scene85,slugline,,84 EXT. YAMUNA RIVER. NIGHT. 84
desc85.642,desc,,"Salim, Shankar, Jamal and the Taj Gang are gathered around a campfire. All of them wear extraordinary foot- wear of one form or another, from elaborate high heels to walking boots five sizes too large. A home-made hooka pipe is being passed around the fire. The eyes of the children have long since stopped focussing. Salim is sporting a Mercedes Benz badge on a chain around his neck. Behind him, Jamal appears, his face swollen. He takes off his fake Guide's Badge and throws it in the fire."
utter85.643,utter,SALIM,Woah! What are you- Jamal?
utter85.644,utter,JAMAL,"We have to go, Salim."
utter85.645,utter,SALIM,Go? Go where?
utter85.646,utter,JAMAL,Bombay.
utter85.647,utter,SALIM,Don't be stupid. We're making good money here.
utter85.648,utter,JAMAL,We should have gone a long time ago.
desc85.649,desc,,Salim turns to Shankar with sudden understanding.
utter85.650,utter,SALIM,"Oh, God. Baby brother's in love. With a flat-chested hijra."
utter85.651,utter,JAMAL,Latika was one of us. A musketeer.
utter85.652,utter,SALIM,"A musketeer...Grow up, Jamal. Look, how was I to know they'd beat you up. Here, you can have some of the cash. Come on..."
utter85.653,utter,JAMAL,I've got cash.
desc85.654,desc,,He rips out a wad of dollar bills from his pocket.
utter85.655,utter,JAMAL (CONT'D),Dollars.
utter85.656,utter,SALIM,How much?
utter85.657,utter,JAMAL,Enough. I'm getting my stuff.
desc85.658,desc,,He walks off.
utter85.659,utter,SALIM,"Wait! Jamal! Ah, shit!"
desc85.660,desc,,"He gets up, kicks the fire in rage and stomps after Jamal."
scene86,slugline,,85 INT. STUDIO. NIGHT. 85
desc86.661,desc,,Prem leans back in his chair.
utter86.662,utter,PREM,"So, my friend: ready for another question."
utter86.663,utter,JAMAL,Yes.
desc86.664,desc,,"Prem presses his computer. The lights dim again, the music comes up."
desc86.665,desc,,Silence from Jamal.
utter86.666,utter,PREM (CONT'D),"Pay or play, Jamal? All you have to do is stop now and you walk away with a cool quarter of a million rupees. Decide to play, get the answer wrong and you walk away with absolutely nothing. But, get the answer right and you win a million rupees. So. You decide. Pay or play?"
desc86.667,desc,,A long pause.
scene87,slugline,,86 INT. GALLERY. NIGHT. 86
utter87.668,utter,DIRECTOR,"Okay, he hasn't got a clue. This is going to be a walk-away. Stand by."
utter87.669,utter,VISION MIXER,"No, he's going to play with him, first."
scene88,slugline,,87 INT. STUDIO. NIGHT. 87
utter88.670,utter,PREM,"Get a lot of hundred dollar bills in your line of work, Jamal?"
utter88.671,utter,JAMAL,The minimum tip for my services.
desc88.672,desc,,Laughter from the audience.
utter88.673,utter,PREM,Now I know why my cell phone bill is so high...they pay the chi-wallah in hundred dollar bills!
utter88.674,utter,JAMAL,It's C. Benjamin Franklin.
desc88.675,desc,,A gasp from the audience. Prem is caught off-guard.
utter88.676,utter,PREM,"Woah! We haven't locked the computer, man. You're going to play?"
utter88.677,utter,JAMAL,I think I just have. Haven't I?
utter88.678,utter,PREM,You certainly have. C. Right?
utter88.679,utter,JAMAL,Right. C.
utter88.680,utter,PREM,Not confusing your Franklins? Benjamin for Roosevelt?
utter88.681,utter,JAMAL,I've never heard of Roosevelt Franklin.
utter88.682,utter,PREM,There's a million rupees at stake and he's never heard of Roosevelt Franklin...I can't bear to look.
desc88.683,desc,,He gives this one to the audience who titter on cue. Jamal looks confused.
utter88.684,utter,PREM (CONT'D),"No, no. Don't you worry, Jamal. You were asked which statesman is depicted on a hundred dollar bill. You said C. Benjamin Franklin. Ladies and Gentlemen..."
desc88.685,desc,,"He presses the computer, pretends to ruminate for a while with his finger pressed to his lips."
utter88.686,utter,PREM (CONT'D),Jamal Malik- you chose to play not pay. I'm afraid you no longer have two hundred and fifty thousand rupees....
desc88.687,desc,,"Prem leans over and tears up the cheque. There is a sigh of disappointment from the audience, a look of confusion on Jamal's face."
utter88.688,utter,PREM (CONT'D),...you in fact have one million rupees!
desc88.689,desc,,Wild applause from the audience. Jamal allows himself a genuine smile.
scene89,slugline,,88 INT. INSPECTOR'S OFFICE. DAY. 88
desc89.690,desc,,The Inspector pulls out a note from his wallet. Glances at it.
utter89.691,utter,INSPECTOR,Who's on the thousand rupee note?
utter89.692,utter,JAMAL,I don't know.
desc89.693,desc,,He waves the note at him.
utter89.694,utter,INSPECTOR,It's Gandhi!
utter89.695,utter,JAMAL,I've heard of him.
desc89.696,desc,,The Inspector kicks his chair.
utter89.697,utter,INSPECTOR,Don't get clever or I'll get the electricity out again.
utter89.698,utter,JAMAL,They didn't ask me that question. I don't know why. Ask them.
desc89.699,desc,,The Inspector stares hard at Jamal.
utter89.700,utter,INSPECTOR,"Funny, you don't seem that interested in money."
desc89.701,desc,,"Then, Constable Srinivas stomps back into the office, sweat pouring from him."
utter89.702,utter,CONSTABLE SRINIVAS,Platform Seventeen-
desc89.703,desc,,Has to consult his notebook.
utter89.704,utter,CONSTABLE SRINIVAS (CONT'D),"A statue of Frederick Stevens, architect and builder of Victoria Terminus in -"
utter89.705,utter,INSPECTOR OF POLICE,"- yes, yes, Srinivas. The hundred dollar bill."
scene90,slugline,,89 EXT. BOMBAY. DAY. 89
desc90.706,desc,,"From a thousand feet in the sky, looking down on the limitless megatropolis of Mumbai. Half-built sky- scrapers, slums, factories, roads, trains."
utter90.707,utter,JAMAL V/O,Bombay had turned into Mumbai.
desc90.708,desc,,"We descend, down until the lines of ants become people."
utter90.709,utter,JAMAL V/O (CONT'D),"The orphanage had gone, the slum had gone, the people.... all gone. And everywhere was building, building, building."
desc90.710,desc,,"Descending even further, we pick out a construction site and then Jamal...."
scene91,slugline,,90 EXT. CONSTRUCTION SITE. DAY. 90
desc91.711,desc,,..who is staring through a wire fence at the construction site.
utter91.712,utter,JAMAL V/O,But I knew she was here. Somewhere she was here.
desc91.713,desc,,"He turns away, then something catches his eye. Underneath all the scraps of flyers and posters on a broken wall is a corner of something that Jamal recognises. He tears back a poster. Underneath, faded but recognisable is one of their beanbag graffiti advertisements."
scene92,slugline,,91 EXT. SLUM. NIGHT. 91
desc92.714,desc,,"Jamal asks a group of stall-holders on the slum main street. They shrug, aren't interested. The camera pulls up and up until Jamal is nothing but a dot wandering the maze of lanes, railways and highways, one among endless millions of people."
utter92.715,utter,JAMAL V/O,"Evenings, I searched. Days, I worked."
scene93,slugline,,92 EXT. HOTEL. DAY. 92
desc93.716,desc,,"Jamal wanders up to the rickshaw drivers parked outside the hotel. He stops and asks a question. The drivers shake their heads. Jamal continues up the steps towards a door, exhausted face and grubby clothes walking straight towards camera. He goes through the door and immediately...."
scene94,slugline,,93 INT. HOTEL. FOYER. DAY. 93
desc94.717,desc,,"....is, without breaking step in a slightly grubby white uniform. He walks across the echoing, marble floor of a struggling four-star hotel, goes through double doors...."
scene95,slugline,,94 INT. HOTEL CORRIDOR. DAY. 94
desc95.718,desc,,"...into a corridor that is devoid of carpet, paint- anything except a phone on the bare wall and a stool. The phone is ringing. Jamal sits on the stool and answers the phone."
utter95.719,utter,JAMAL,"Room service, good afternoon?... Yes, sir. Two chicken burgers, two fries, one cocoa-cola and one mango lassi and a large bottle of mineral"
utter95.720,utter,water...Bisleri or Himalayan,"Spring, Sir?...Certainly, Sir. That will be with you in fifteen minutes, Sir. Thank you. Have a nice day."
desc95.721,desc,,He hangs up and goes through another set of doors...
scene96,slugline,,95 INT. HOTEL KITCHENS. DAY. 95
desc96.722,desc,,...to a cramped kitchen with definite hygiene problems. The cooks are playing carom on the table while under it Salim is dozing.
utter96.723,utter,JAMAL,"Two chicken burgers, coke, mango lassi and a bottle of Bisleri."
desc96.724,desc,,"Dozily, Salim gets up and takes a look behind one of the fridges. He chases out a chicken with a desultory kick and sorts through some empty mineral water bottles until he finds a Bisleri bottle. Salim fills the bottle of mineral water from the tap and begins delicately re- sealing the tamper-proof lid with super-glue. Jamal collects cutlery and starts laying out a tray."
utter96.725,utter,JAMAL (CONT'D),"I'm going to Chowpatti again, okay? Want to come?"
utter96.726,utter,SALIM,"For God's sake. You got some disease? You force me back to this shit-hole, we leave our friends, a good life, loads of money- for this. Isn't that enough?"
utter96.727,utter,JAMAL,We came back to find her.
utter96.728,utter,SALIM,"No, you did, Jamal, not me. Me, I don't give a shit about her. Plenty of pussy in Bombay for Salim. Oh, yes, sir! You should come down the Cages on Saturday night instead of searching for your lost love."
utter96.729,utter,JAMAL,I'm going to Chowpatti.
utter96.730,utter,SALIM,"(impersonating Ram) ""I'm going to Chowpatti"". There are nineteen million people in this city, Jamal. Forget her. She's history."
utter96.731,utter,JAMAL V/O,But she wasn't.
scene97,slugline,,96 EXT. BANDRA BANDSTAND. DAY. 96
desc97.732,desc,,"Jamal is dodging the traffic at a busy junction. He moves around the beggars who are working the cars. Then he hears singing. He looks around, suddenly panicked. It is a siren song drawing him across the road, not even noticing that he is narrowly run down by a couple of cars, to a traffic island underneath a flyover. He turns a corner and there is the singer, leaning up against one of the struts of the flyover. Arvind. Older now, just like Jamal, a fourteen year-old boy. But eye- less. Jamal freezes. He approaches Arvind and waits until he has finished singing. Despite his eyeless sockets, Arvind appears to know somebody is there. He turns and bows low, putting his hands together."
utter97.733,utter,ARVIND,"Namaste, Sahib. Any kindness you give will be repaid in heaven many times."
desc97.734,desc,,Jamal gets a couple of notes out of his pocket and puts them into Arvind's outstretched hand. He feels the notes with his fingers.
utter97.735,utter,ARVIND (CONT'D),"A fifty. And a hundred! Blessings upon you, Sahib."
utter97.736,utter,JAMAL,How do you know?
utter97.737,utter,ARVIND,There are many ways of seeing.
desc97.738,desc,,"Arvind puts his hands together and bows deep again. Then, Jamal takes his shoe off and gets out a hundred dollar bill."
utter97.739,utter,JAMAL,Here.
desc97.740,desc,,Jamal crouches down and puts the bill into Arvind's hand. His fingers feel it. He sniffs it.
utter97.741,utter,ARVIND,Dollars. But how many?
utter97.742,utter,JAMAL ARVIND,"Now you are playing with me, Sahib."
utter97.743,utter,JAMAL,No. I swear.
utter97.744,utter,ARVIND,What is on it? The pictures. Tell me.
utter97.745,utter,JAMAL,A building. With a clock on it. Trees behind it.
utter97.746,utter,ARVIND,The other side. Turn it over.
utter97.747,utter,JAMAL,"A man- it doesn't say his name. He is sort of bald, but has long hair on the sides."
utter97.748,utter,ARVIND,"(smiling) Benjamin Franklin. My God, my God. Thank you, Sahib. You were generous the first time. But this..."
desc97.749,desc,,He stops. Suspects.
utter97.750,utter,ARVIND (CONT'D),And without even a song?
desc97.751,desc,,A long pause. Arvind keeps hold of Jamal's arm.
utter97.752,utter,ARVIND (CONT'D),"So you are rich, now, are you, Jamal? I am happy for you."
utter97.753,utter,JAMAL,"I am so sorry, Arvind."
utter97.754,utter,ARVIND,"You got away. I didn't. That is all. No, no tears. Tears mock me all the more."
utter97.755,utter,JAMAL,"Arvind, I am looking for-"
utter97.756,utter,ARVIND,"- how's your voice, Jamal?"
utter97.757,utter,JAMAL,"I don't know. I haven't sung since- since then. Arvind, I-"
utter97.758,utter,ARVIND,- and your eyes?
utter97.759,utter,JAMAL,(surprised) My eyes? My eyes are fine.
utter97.760,utter,ARVIND,"Then stay away, chutiye, and count your blessings every morning you open them and see the sun rising. You owe Maman. He doesn't forget."
utter97.761,utter,JAMAL,I owe Latika.
desc97.762,desc,,Arvind shakes his head angrily.
utter97.763,utter,JAMAL (CONT'D),"Please. Is she alive? Arvind, is she alive?"
utter97.764,utter,ARVIND,"Alive? Oh, she's alive alright. It's your life, Jamal. Pila Street. They call her Cherry, now."
utter97.765,utter,JAMAL,Thank you.
desc97.766,desc,,Jamal heads off through the traffic. Arvind shouts after him.
utter97.767,utter,ARVIND,"I will sing at your funeral, yaar."
scene98,slugline,,97 EXT. PILA STREET. NIGHT. 97
desc98.768,desc,,"Dark, crowded streets. Gangs of women stand outside the doorways or lean out of upstairs windows. They are garishly-dressed prostitutes varying in age from 13 to 60. Men wander past, eying the possibilities, exchanging lewd comments with them. Among the hordes on the pavement are Jamal and Salim. They pass doorway after doorway of narrow rooms where prostitutes wait for customers. Jamal and Salim stop at each group of women, Salim taking the lead, clearly asking them something, as the women either shrug or offer them something lewd- judging by the laughter that follows. But one woman in a narrow doorway points down the street. Jamal has to drag a reluctant Salim away from the group."
scene99,slugline,,98 INT. BROTHEL. NIGHT. 98
desc99.769,desc,,They go into one of the tiny houses. Loud Filmi music comes from upstairs. They are confronted by a woman in her fifties watching tv. She is less than interested.
utter99.770,utter,SALIM,I'm looking for Cherry.
utter99.771,utter,WOMAN,"No, kid. Not available. Plenty of others. Take a look."
desc99.772,desc,,She indicates curtained cubicles behind him.
utter99.773,utter,SALIM,I'm Latika's brother.
desc99.774,desc,,The Woman looks at him properly for the first time.
utter99.775,utter,WOMAN,She's still not on the menu. Choose someone else or piss off.
desc99.776,desc,,"Then, Jamal pulls out some rupee notes."
utter99.777,utter,JAMAL,Just two minutes to talk to her.
desc99.778,desc,,"She takes the money, counts it."
utter99.779,utter,WOMAN,Two minutes.
desc99.780,desc,,"She nods upwards. Salim and Jamal head up the dark, tiny staircase. The Woman picks up the phone on her desk."
scene100,slugline,,99 INT. LANDING. NIGHT. 99
desc100.781,desc,,"On the tiny landing, Salim and Jamal pull back a curtain to reveal a humping couple. They move on, past more women lying on their beds or blankly having sex, not in the least perturbed to be interrupted. They reach the end of the landing. From the other side of the door comes the filmi music. Jamal puts his eye to one of the gaps in the slatted door. Through it he can see glimpses of a girl dancing to the music. Latika; though not the rag-picker of before. Now fifteen, she is a beautiful young woman and dressed in a revealing, turquoise, silk sari."
utter100.782,utter,SALIM,Is it her or not?
desc100.783,desc,,He shoves Jamal out of the way and watches.
utter100.784,utter,SALIM (CONT'D),"Shit, she's sexy, man...."
desc100.785,desc,,"Then the music stops, an effeminate man steps into the limited frame Salim can see and snaps a stick down hard on Latika's hand."
utter100.786,utter,DANCE TEACHER,"Smile! Flow, flow! You entice with the hands not make chapattis, you gawaar. Again."
desc100.787,desc,,The man starts the music again and Latika's hands flow elegantly around her head.
utter100.788,utter,DANCE TEACHER (CONT'D),"Lift your feet, you lump. Stop, stop!"
desc100.789,desc,,The stick is raised to hit her but Jamal opens the door.
scene101,slugline,,100 INT. BROTHEL. NIGHT. 100
desc101.790,desc,,She can barely believe her eyes.
utter101.791,utter,LATIKA,Jamal?
desc101.792,desc,,The Dance Teacher turns.
utter101.793,utter,DANCE TEACHER,What the hell do you want?
desc101.794,desc,,He switches off the music.
utter101.795,utter,JAMAL,Come. Quick.
desc101.796,desc,,But Latika remains fixed.
utter101.797,utter,DANCE TEACHER,You silly little boys. Get out now while you can.
utter101.798,utter,JAMAL,Come with us.
desc101.799,desc,,"Latika runs to Jamal. But she freezes as she looks at the doorway. Maman, Punnoose and the Woman from downstairs stand there. The skin around Punnoose's eye bears the blisters from the chloroform burn years ago."
utter101.800,utter,MAMAN,"Look who we have here, Punnoose. Hello again, Jamal. Salim. Never forget a face. Especially one that I own."
utter101.801,utter,PUNNOOSE,Shall I take them to the marshes?
utter101.802,utter,MAMAN,"Whatever you like. Have fun. Just make sure that you dispose of them properly afterwards. No traces, thank you."
desc101.803,desc,,He turns to Jamal.
utter101.804,utter,MAMAN (CONT'D),"You really thought you could just walk in and take my prize away? Have you any idea how much this little virgin is worth, bhen chod?"
desc101.805,desc,,He fingers Latika's hair.
utter101.806,utter,MAMAN (CONT'D),Get them out of here.
desc101.807,desc,,Punnoose and the Muscle walk towards Jamal. Maman turns to the Dance Teacher as they grab his arms.
utter101.808,utter,MAMAN (CONT'D),"Please continue, Master-ji."
desc101.809,desc,,The Dance Teacher puts the music back on.
utter101.810,utter,SALIM,No.
desc101.811,desc,,"Suddenly, Salim is holding a pistol."
utter101.812,utter,SALIM (CONT'D),Leave him. Get over there.
desc101.813,desc,,Punnoose and the Muscle slowly release Jamal and join
utter101.814,utter,MAMAN,"Let's not be foolish, Salim. Heavy, aren't they?"
desc101.815,desc,,Salim straightens up his gun arm.
utter101.816,utter,SALIM,Money.
utter101.817,utter,MAMAN,You can have money. Here.
desc101.818,desc,,Maman gets out his wallet and throws all the money in it on the floor.
utter101.819,utter,MAMAN (CONT'D),Take it. Go. Disappear with your friend and we'll forget all about this. Okay?
desc101.820,desc,,Salim collects up the money.
utter101.821,utter,SALIM,Maman never forgets. Isn't that right?
utter101.822,utter,MAMAN,"Oh, Maman can make an exception."
desc101.823,desc,,"Salim walks over to the music, turns it up. Picks up a cushion from the bed and walks right up to Maman."
utter101.824,utter,SALIM,"Can't take that risk, Maman. Sorry."
desc101.825,desc,,"He wraps the cushion around the gun and pulls the trigger. Or tries to. Nothing happens. There is a frozen moment as they watch him fail to shoot. Everybody watches with surreal interest as Salim fumbles with the pistol. Eventually he looks up, giggles stupidly."
utter101.826,utter,SALIM (CONT'D),Safety catch.
desc101.827,desc,,"Shrugs apologetically and shoots. Nobody is more surprised than Maman who crumples onto the floor. Latika starts desperately gathering up the notes on the floor, grabs Maman's wallet. Jamal just stands."
utter101.828,utter,SALIM (CONT'D),Come on.
desc101.829,desc,,They run out of the room and down the stairs as Maman dies on the floor in front of his frozen colleagues.
scene102,slugline,,101 EXT. CHOWPATTY BEACH. DUSK. 101
desc102.830,desc,,"Children are splashing in the sea, flying kites, digging sand, laughing. Salim, Latika and Jamal are crouched on the shore watching the sun sink into the sea. Latika is going through Maman's wallet, Salim is fingering the pistol, admiringly. Jamal is staring out to sea. Each in their own world, yet sharing swigs from a bottle of Johnny Walker."
utter102.831,utter,LATIKA,"Shit, there's thousands here."
utter102.832,utter,SALIM,We should be celebrating.
utter102.833,utter,JAMAL,You just killed somebody.
utter102.834,utter,SALIM,He was going to kill us.
utter102.835,utter,JAMAL,Where did you get the gun?
utter102.836,utter,SALIM,"Bought it. Now, I'm going to have to throw this beauty in the sea."
utter102.837,utter,LATIKA,You didn't need to kill him.
utter102.838,utter,SALIM,What? Typical. I save your life and you're on at me. All you ever do is mess us up. Whenever you're around-
utter102.839,utter,JAMAL,"- shut up, can't you? Just shut up."
desc102.840,desc,,Silence.
utter102.841,utter,SALIM,"Why can't you just be happy, huh?"
utter102.842,utter,JAMAL,Happy?
utter102.843,utter,SALIM,"You got what you wanted, didn't you? So, let's celebrate."
utter102.844,utter,LATIKA,Yeah. Let's celebrate.
desc102.845,desc,,She takes a long swig from the bottle.
utter102.846,utter,LATIKA (CONT'D),While we can.
desc102.847,desc,,"She nudges Jamal and holds the bottle out to him. Smiles at him. He smiles back, shakes the black dog from his head and takes a long, long drink. Latika and Salim cheer."
scene103,slugline,,101A EXT. TULIP STAR. NIGHT. 101A
desc103.848,desc,,"Latika, Salim and Jamal bend back a bit of the wire mesh fence that protects the deserted hotel. Crawl in."
scene104,slugline,,102 INT. TULIP STAR. LOBBY. NIGHT. 102
desc104.849,desc,,"A very wobbly Latika, Salim and Jamal walk up the frozen escalators of the empty hotel, lit only by security lights. Kick through the odd pile of rubbish and stacked-up chairs. Go to the dusty reception desk."
utter104.850,utter,JAMAL,Service!
utter104.851,utter,SALIM,Reception!
utter104.852,utter,JAMAL,"We want a room, boy. Executive Class with smoking. Third floor with balcony."
utter104.853,utter,LATIKA,"Sea-facing, yaar."
utter104.854,utter,SALIM,Have the bags brought up.
desc104.855,desc,,"And they scoot off, giggling into the dark."
scene105,slugline,,102A INT. TULIP STAR. KITCHENS. NIGHT. 102A
desc105.856,desc,,"Jamal and Latika wander the vast, empty kitchens. Jamal searches the empty chillers and cabinets. Then, realises that he is alone."
utter105.857,utter,JAMAL,Latika? Salim?
desc105.858,desc,,"Where are they? Suddenly,"
utter105.859,utter,LATIKA,Room service!
desc105.860,desc,,She comes shooting out of the darkness across the kitchen floor riding a trolley with Salim pushing her at top speed. Jamal has to skid out of the way. He grabs another trolley and glides off in pursuit.
scene106,slugline,,102B INT. TULIP STAR. CORRIDOR. NIGHT. 102B
desc106.861,desc,,The three stand by a mirror and play with their reflections.
scene107,slugline,,102C INT. TULIP STAR. HOTEL LOBBY. LATER. 102C
desc107.862,desc,,"On top of the metal preparation counters, Salim and Jamal are fencing: Jamal with a fish slice and Salim with a large spoon."
scene108,slugline,,103 INT. HOTEL ROOM. NIGHT. 103
desc108.863,desc,,"An empty, dusty hotel suite. Jamal is on the phone."
utter108.864,utter,JAMAL,"307 here. I want a bottle of Johnny Walker Red Label, beer, wine-"
utter108.865,utter,LATIKA,- chicken.
utter108.866,utter,JAMAL,Ah! Chicken....
desc108.867,desc,,Jamal closes his eyes at the wonderful thought.
utter108.868,utter,JAMAL (CONT'D),What kind of chicken?
utter108.869,utter,LATIKA,(also dreaming) Tikka Masala. With roti-
utter108.870,utter,SALIM,"Naan, chutney, dal-"
utter108.871,utter,LATIKA,"- aloo gobi, rice-"
desc108.872,desc,,She stops. Change of mind.
utter108.873,utter,LATIKA (CONT'D),Pop Tarts!
utter108.874,utter,JAMAL,"Hold the line, chutiye. Pop Tarts?"
utter108.875,utter,LATIKA,On the tv. The commercial. Everybody's happy when they have Pop Tarts.
utter108.876,utter,JAMAL,"Exactly! A bucket of Pop Tarts, chutiye."
desc108.877,desc,,Jamal slams down the phone.
scene109,slugline,,104 INT. HOTEL ROOM. LATER. 104
desc109.878,desc,,Latika is clearly in the shower. Jamal wanders in carrying an old pair of lunghi. Shouts through the door.
utter109.879,utter,JAMAL,Found some lunghi!
utter109.880,utter,LATIKA V/O,Stay there. Look away.
desc109.881,desc,,The shower stops.
utter109.882,utter,JAMAL,"Atcha, atcha."
utter109.883,utter,LATIKA V/O,I'll know if you're looking....
utter109.884,utter,JAMAL,I'm not!
desc109.885,desc,,"With a towel around her, Latika comes to the doorway where Jamal is holding out a the lunghi with his eyes tight shut."
utter109.886,utter,JAMAL (CONT'D),Where's Salim?
utter109.887,utter,LATIKA,Dunno.
desc109.888,desc,,She watches this innocent a second with true fondness.
utter109.889,utter,LATIKA (CONT'D),"You're a sweet boy, Jamal."
desc109.890,desc,,"She takes the lunghi from his outstretched hand and disappears into the bathroom, slamming the door with a giggle."
scene110,slugline,,105 EXT. MUMBAI SLUM STREET. NIGHT. 105
desc110.891,desc,,"Salim wanders the crowded streets of a slum. He stops uncertainly at a doorway where a group of men are lolling, smoking. Plucks up his courage."
utter110.892,utter,SALIM,I'm looking for Javed-bhai.
utter110.893,utter,MAN,"Ja, mada chod. He's not looking for you. Ja!"
utter110.894,utter,SALIM,I need to see him.
desc110.895,desc,,"The group of men stir, irritated now. Salim begins to back away, then stops. Pulls the gun from behind his back."
utter110.896,utter,SALIM (CONT'D),I killed Maman. I'll kill you too. Easy.
desc110.897,desc,,The group are frozen.
utter110.898,utter,JAVED,You killed him?
desc110.899,desc,,Javed is standing in the doorway.
utter110.900,utter,JAVED (CONT'D),"My enemy's enemy is my friend, no? So, come in, friend."
scene111,slugline,,106 INT. HOTEL ROOM. LATER. 106
desc111.901,desc,,"Jamal and Latika lie on the bed, drunk, though still coherent. Latika is dressed in the Bell-Boy's jacket and the old lunghi."
utter111.902,utter,LATIKA,Maman's gang will hunt us. You know that?
utter111.903,utter,JAMAL,I don't care.
utter111.904,utter,LATIKA,Me neither.
desc111.905,desc,,They burst into stupid laughter. The laughter subsides.
utter111.906,utter,JAMAL,That dance you were doing. In Pila Street. Show me.
desc111.907,desc,,"Latika rolls over and switches off the light. Rolls back. In the half light, her hands begin to move for Jamal, the elegant, alluring hand movements of the bar- girl dancers. Jamal stares, mesmerised."
utter111.908,utter,LATIKA,You came back for me.
utter111.909,utter,JAMAL,Of course.
utter111.910,utter,LATIKA,I thought you'd forgotten.
utter111.911,utter,AMIR,I never forgot. Not for one day. I knew I'd find you in the end. It's our destiny.
utter111.912,utter,LATIKA,Destiny. Yes.
desc111.913,desc,,"Latika stops her hands. They stare at each other, their faces inches away from each other. Latika strokes Jamal's face."
utter111.914,utter,LATIKA (CONT'D),Thank you.
desc111.915,desc,,"And face to face, they slowly fall asleep."
scene112,slugline,,107 INT. HOTEL ROOM. LATER. 107
utter112.916,utter,SALIM,Hey.
desc112.917,desc,,"Jamal opens his eyes. Salim is standing over them, swaying with alcohol."
utter112.918,utter,JAMAL,Salim?
desc112.919,desc,,He puts his hand out to Latika.
utter112.920,utter,SALIM,Come.
utter112.921,utter,JAMAL,"No. Salim....Bhai, you've had a lot to drink..."
desc112.922,desc,,"Jamal tries to get up, but Salim's hand is round his throat and pushes him down on the bed."
utter112.923,utter,SALIM,"I am the elder. And I am the boss. For once, you do as I say."
utter112.924,utter,JAMAL,No.
desc112.925,desc,,Salim pulls Latika to her feet.
utter112.926,utter,SALIM,"I saved your bloody life, didn't I?"
utter112.927,utter,LATIKA,"Salim, please-"
utter112.928,utter,SALIM,"- chup, sali."
desc112.929,desc,,"As he turns, pulling a protesting Latika, Jamal leaps on him. The two brothers go down fighting, but of course it is Salim who comes up on top. Latika launches herself at Salim, but he smashes her away, almost delighted that she has joined in. He drags Jamal to the door, laughing."
scene113,slugline,,108 INT. HOTEL CORRIDOR. NIGHT. 108
desc113.930,desc,,"Salim throws him out into the corridor, slams the door."
utter113.931,utter,SALIM,I am Number One now!
utter113.932,utter,JAMAL,"Salim, no, no....!"
utter113.933,utter,SALIM,"Get yourself a room, bhai."
desc113.934,desc,,"Salim slams the door. Jamal gets up, bangs on the door, keeps on banging until the door opens and Salim stands there with the pistol pointing straight at Jamal's head."
utter113.935,utter,SALIM (CONT'D),The man with the Colt 45 says chup.
desc113.936,desc,,"He shoves Jamal hard down the corridor, the gun pointed at him all the while."
utter113.937,utter,JAMAL,Salim...
desc113.938,desc,,Salim nods towards the fire escape door.
utter113.939,utter,SALIM,"Now go. Or Gunmaster G-9 will shoot you right between the eyes. Boom. Don't think he won't. You have five seconds. One, two, three, four-"
desc113.940,desc,,Salim cocks the pistol. Jamal screws up his eyes for the inevitable. But Salim shoves him out with a roar and slams the door. Jamal bangs on the door.
utter113.941,utter,JAMAL O/S,Salim...
desc113.942,desc,,"Salim walks slowly back down the corridor as Jamal bangs and bangs on the door. Down the hall, Salim's door shuts."
scene114,slugline,,109 INT. INSPECTOR'S OFFICE. DAY. 109
desc114.943,desc,,The Inspector is staring hard at Jamal. Srinivas is desperately trying to get his attention.
utter114.944,utter,CONSTABLE SRINIVAS,"Sir, sir!"
utter114.945,utter,INSPECTOR,(eventually) Enlighten us Constable.
utter114.946,utter,CONSTABLE SRINIVAS,"Accessory to murder, Sir."
desc114.947,desc,,"The Inspector puts his hands in the air, palms up. Simple."
utter114.948,utter,INSPECTOR,Only the finest minds in the Mumbai Police Force.
desc114.949,desc,,"Untroubled by irony, Srinivas looks extremely pleased."
utter114.950,utter,INSPECTOR (CONT'D),"Go check the files, Constable."
desc114.951,desc,,Srinivas goes out.
utter114.952,utter,INSPECTOR (CONT'D),"You puzzle me, Slumdog. Admitting murder to avoid a charge of fraud is not exactly clever thinking. Now, why would you do that?"
desc114.953,desc,,Jamal shrugs.
utter114.954,utter,JAMAL,"When somebody asks me a question, I tell them the answer."
scene115,slugline,,110 EXT. TULIP STAR. MORNING. 110
desc115.955,desc,,"At the gate, a Security Guard is sitting in his chair."
utter115.956,utter,JAMAL,Where are they?
desc115.957,desc,,The Guard grunts.
utter115.958,utter,JAMAL (CONT'D),Where did they go?
desc115.959,desc,,"A more impatient grunt from the Guard. He stands up, walks towards Jamal."
utter115.960,utter,JAMAL (CONT'D),"Please, Sir. Which way?"
utter115.961,utter,SECURITY GUARD,I don't know and I don't care.
desc115.962,desc,,"The Guard raises his stick and gives him a roar. Jamal backs away onto the street. The Guard slams the gate shut. Jamal looks despairingly up and down the street at the teeming traffic, the crowds."
utter115.963,utter,JAMAL V/O,Yes. I'm ready.
scene116,slugline,,112 INT. STUDIO. NIGHT. 112
desc116.964,desc,,We are back in the Studio.
utter116.965,utter,PREM,"For two and a half million rupees. Ladies and Gentlemen. Cambridge Circus is in which UK City. Is it A) Oxford, B) Leeds,"
desc116.966,desc,,"C) Cambridge, D) London. Jamal smiles."
utter116.967,utter,PREM (CONT'D),He's smiling. Why does that worry me?
scene117,slugline,,113 EXT. MUMBAI. DAY. 113
desc117.968,desc,,Leaden skies. Torrential rain is hammering on the tin roofs of the slum.
scene118,slugline,,114 INT. SHACK. DAY. 114
desc118.969,desc,,"Eighteen year-old Jamal's eyes open. Now with the beginnings of a beard and moustache, Jamal wakes in a tiny shack just big enough for a mattress on the floor. He pulls on a shirt, lifts the mattress and takes out his trousers which have been pressing there all night, puts them over his shoulder, picks up his shoes and goes down a ladder."
scene119,slugline,,115 INT. SHACK. DAY. 115
desc119.970,desc,,He descends into a room and two feet of water that is eddying around the ground floor of the shack. Wades out of the door into the narrow lane of the slum.
scene120,slugline,,116 EXT. SLUM. DAY. 116
desc120.971,desc,,"Jamal nods hello to a number of neighbours, also bare- legged, also with their shoes in hand. Together, they wade to higher ground, put on their trousers and shoes and trudge up to the main road."
scene121,slugline,,117 INT. CALL CENTRE. NIGHT. 117
desc121.972,desc,,"Ultra-modern, glass-windowed office. The words Cultural Studies are written on the white board. Jamal walks in with a tray of glasses of chi. He puts a glass down on the young, hip, Teacher's desk and heads out again."
utter121.973,utter,TEACHER,"Okay, guys, it's been a big week in UK. Kat is back."
desc121.974,desc,,He holds up a copy of Radio Times showing Kat from East Enders smiling at them. A collective groan from the Trainees.
utter121.975,utter,BARDI,She's already back.
desc121.976,desc,,Bardi...Jamal?
utter121.977,utter,JAMAL,"Oh. Well. She did come back, then she went away when Alfie split up with her and now she's back again. (MORE)"
utter121.978,utter,JAMAL (CONT'D),"But it looks as if Alfie still fancies Mo after all, so-"
utter121.979,utter,TEACHER,"- thank you, Jamal. Keep up, Bardi. The chi-wallah knows more than you."
desc121.980,desc,,Bardi glares at Jamal. Jamal shrugs apologetically and goes out.
utter121.981,utter,TEACHER (CONT'D),"Okay, it's been super-duper hot for UK this week, so there'll be a lot of chat about that- they love their weather- and there's the festival in Edinburgh- Edinburgh?"
desc121.982,desc,,He points at a young woman Trainee.
utter121.983,utter,NASREEN,"Scotland. Kilts, castles, err, haggis? Porridge, the Highlands, mountains. Ben- Ben Nevis?"
desc121.984,desc,,The Teacher points at another Trainee.
utter121.985,utter,TRAINEE 2,"Detective Taggart. Whisky, Sean Connery!"
utter121.986,utter,TEACHER,"And lochs. Their word for lakes. Good. It's also double bonus time for an upgrade to the `friends and family' package this week, so remember to push for an upgrade..."
utter121.987,utter,EVERYONE,...Every Call!
desc121.988,desc,,"Jamal walks out, turns a corner."
scene122,slugline,,118 INT. CALL CENTRE. UK FLOOR. NIGHT. 118
desc122.989,desc,,"We are confronted with a room you could swing a Boeing in. Rows and rows of Operators in tiny booths stretch into the distance. On the walls are pictures of London, Tony Blair, red telephone boxes, the Yorkshire Dales, the Highlands- a snapshot of tourist Britain. Huge posters of soap stars and celebrities adorn the rest of the walls. Slogans hang from the ceiling. ""When the sun comes up, you'd better be running"", ""you snooze, you lose"", ""Upgrade for a better, faster life."" ""Every call is a new opportunity"". Each section of the room has a banner with a British city's name on it and various mock sign-posts for the different aisles. A Manager under the banner ""Bradford"", is standing over an Operator, listening in on a call. The Manager leans over and presses a key."
utter122.990,utter,MANAGER,"If they want an upgrade, a new tariff or we're stealing them from the other networks, you take the call. Anything else-"
desc122.991,desc,,He mimes cutting his throat.
utter122.992,utter,MANAGER (CONT'D),"No time-wasters on Team Bradford, kid. Leave that to the homosexuals on Tunbridge Wells."
desc122.993,desc,,Jamal stops by him. The Manager takes a glass of tea from Jamal.
utter122.994,utter,MANAGER (CONT'D),"Where've you been? Dave on Cornmarket's virtually lost his voice, there's two on Ilkley Moor who've had their hands up for hours. Come on, move it!"
desc122.995,desc,,"Jamal hurries down the aisle signposted ""Cornmarket"", gets to a male trainee and hands him a tea. Dave glances around to check nobody's looking and slips off his head-set."
utter122.996,utter,DAVE,"Two minutes, Jamal. I'm on ""Millionaire"" duty."
utter122.997,utter,JAMAL,Rajneesh...
utter122.998,utter,DAVE,"It's my turn, Jamal. I've had my pee breaks. Please. If he comes just keep your head down and pretend you're doing an upgrade on the-"
utter122.999,utter,JAMAL,- `friends and family'. I know.
desc122.1000,desc,,Jamal still looks unwilling.
utter122.1001,utter,JAMAL (CONT'D),Two minutes.
desc122.1002,desc,,"Dave heads off towards a Rest and Recreation room, where a big plasma screen on the wall is showing ""Who Wants To Be A Millionaire.""Jamal grabs the jacket from the back of Dave's chair, puts the head-set on and hunches over the booth, just another Operative at work. We become aware that every operator down the Cornmarket aisle- and quite a few other aisles besides- is staring in the direction of the Rest and Recreation Room."
scene123,slugline,,119 INT. REST AND RECREATION ROOM. NIGHT. 119
desc123.1003,desc,,Dave is watching the screen.
utter123.1004,utter,PREM,"...if you want a chance to be a contestant on Who Wants To Be A Millionaire, dial the number now."
desc123.1005,desc,,Dave dives for the doorway and waves.
scene124,slugline,,120 INT. CALL CENTRE. UK FLOOR. NIGHT. 120
desc124.1006,desc,,"Suddenly all the operators are dialling. Almost simultaneously, twenty or so voices say."
utter124.1007,utter,OPERATORS,I'd like to be a contestant on Who Wants to be a Millionaire.
desc124.1008,desc,,Most of the Operators- including the man next to Jamal- suddenly lose their tension.
utter124.1009,utter,OPERATOR,Bloody bastard. I never get it.
utter124.1010,utter,JAMAL,"You have to dial when Prem says ""if"". ""If you want the chance to be a contestant on Who Wants To Be A Millionaire..."" That's when they open the lines."
desc124.1011,desc,,The Operator looks at him. Jamal shrugs.
utter124.1012,utter,JAMAL (CONT'D),That's what Anjum in Technical says. He put the system in.
utter124.1013,utter,OPERATOR,So why don't you?
utter124.1014,utter,WOMAN V/O,"Hello? Hello? Have I been transferred again, for God's sake?"
desc124.1015,desc,,Jamal freezes with fear. The head-set speaks again with its broad Scottish accent.
utter124.1016,utter,WOMAN V/O (CONT'D),"Hello? Jesus, God, will somebody talk to me?"
utter124.1017,utter,JAMAL,"Hello, Mrs..."
desc124.1018,desc,,He stares at the computer.
utter124.1019,utter,JAMAL (CONT'D),"...Mackintosh from King Gussie. (weary) It's Kingussie, love. Pronounced Kinoosie."
utter124.1020,utter,JAMAL,Kinoosie?
utter124.1021,utter,WOMAN V/O,"So where are you from? Abroad, I bet. China or somewhere. What good is-"
utter124.1022,utter,JAMAL,"- just down the road from your house, Mrs Mackintosh. Next to the loch."
utter124.1023,utter,WOMAN V/O,(suspicious) Oh aye? Which loch?
desc124.1024,desc,,"Jamal searches desperately around, spots a picture of Big Ben."
utter124.1025,utter,JAMAL,Loch Big- Loch Ben. Next door to Detective Taggart's flat.
utter124.1026,utter,WOMAN V/O,"Loch Ben? Och, no, hen, that's one of the wee ones up in the Highlands. You're all the way up there? But I bet it rains, eh, hen?"
utter124.1027,utter,JAMAL,"Indeed yes, Mrs Mackintosh. I have to wade through a metre of water every morning."
utter124.1028,utter,WOMAN V/O,No!
utter124.1029,utter,JAMAL,"Yes, yes, Mrs Mackintosh. In my kilt. Och, no, hen."
desc124.1030,desc,,Jamal puts his feet on the desk.
utter124.1031,utter,JAMAL,"It's alright once I've had my porridge, my haggis and a few Scotch whiskies- and the monsoon's nearly over, so-"
utter124.1032,utter,WOMAN V/O,"- and what monsoon would that be? I'd like to speak to your supervisor, son."
utter124.1033,utter,JAMAL,"I don't think that's a good idea. He is a very important man, Mrs Mackintosh-"
utter124.1034,utter,WOMAN V/O,- get me the supervisor on this line now-
utter124.1035,utter,JAMAL,- and he doesn't like bloody time wasters.
desc124.1036,desc,,"Jamal panics, presses the button he saw the Manager press earlier. The screen goes blank, then reboots itself. Jamal looks around. Where the hell is Dave? On the screen, Jamal is faced with the question: ""what name do you require?"" He looks around again, and then with one finger types in the word ""Latika"". He presses enter. Hundred upon hundred of Latikas with their surnames and phone numbers scroll down the page. He erases her name and enters the name Salim K. Malik. Presses enter. Fifteen numbers come up. He stares at the numbers for a long time, then types it into his computer and presses dial."
utter124.1037,utter,JAMAL,Salim?
utter124.1038,utter,MAN V/O,Who wants to know? Do you know what bloody time it is?
desc124.1039,desc,,Clearly not Jamal's brother. Jamal cuts the line. Dials
utter124.1040,utter,MAN V/O (CONT'D),Huh. Hello?
desc124.1041,desc,,Clearly not his Salim. He cuts the line. Dials again.
utter124.1042,utter,SALIM V/O,Hello? Hello? Who is this?
desc124.1043,desc,,But Jamal can't speak.
utter124.1044,utter,SALIM V/O (CONT'D),Hey. Is someone screwing with me?
desc124.1045,desc,,Silence.
utter124.1046,utter,SALIM V/O (CONT'D),Who is this?
utter124.1047,utter,JAMAL,"I am calling from XL 5 Communications Sir. As a valued customer, we are offering you a free upgrade with our `friends and-"
desc124.1048,desc,,Jamal's voice peters out.
utter124.1049,utter,JAMAL (CONT'D),Family.
utter124.1050,utter,SALIM V/O,"Jamal? Is that you? Brother? Where are you, man?...I thought you were dead or something...we had to go, Jamal. Maman's guys. They were searching the hotel...Jamal, say something. Please."
desc124.1051,desc,,There is another long silence.
utter124.1052,utter,JAMAL,"Hello, Salim."
scene125,slugline,,121 INT. STUDIO. NIGHT. 121
utter125.1053,utter,PREM,Ever been to Cambridge?
utter125.1054,utter,JAMAL,No.
utter125.1055,utter,PREM,Ever been to the circus?
utter125.1056,utter,JAMAL,No. And I've never been to UK before. But I'll still have a go.
desc125.1057,desc,,Gasps and laughter from the audience. Jamal laughs and shrugs.
utter125.1058,utter,JAMAL (CONT'D),Why not?
desc125.1059,desc,,Prem grips his heart theatrically.
utter125.1060,utter,PREM,Can someone call me an ambulance?
scene126,slugline,,122 INT. CALL CENTRE. NIGHT. 122
desc126.1061,desc,,"A flash of a sign post reading `Oxford Circus', pointing down one of the aisles. The banner above that section of the warehouse reads `London'. Jamal hurrying down another `Kings Parade' carrying glasses of tea. He glances up to see a large banner that says `Cambridge'. Jamal comes back up an aisle named `Broad Street'. An Operator on the adjacent `The High' clicks his fingers for another cup. Jamal hurries under the sign marked `Oxford'. The signposts of the aisles come faster and faster `Pembroke Street', `Trafalgar Square', `East India Dock' and finally `Cambridge Circus'."
scene127,slugline,,123 INT. STUDIO. NIGHT. 123
desc127.1062,desc,,"Jamal is sweating, his face scrunched up in thought."
utter127.1063,utter,JAMAL,I can't remember.
utter127.1064,utter,PREM,You can't remember. Does that mean you did know? Once?
utter127.1065,utter,JAMAL,I don't think it's Oxford.
utter127.1066,utter,PREM,"Based on your extensive travelling, right?"
utter127.1067,utter,JAMAL,"(almost to himself) Well, Oxford has Broad Street, Saint Aldates, Turl Street, Queen Street, The High and Magdalene Bridge- which is pronounced Maudlin, so-"
desc127.1068,desc,,He stops as he hears the surprised laughter of the audience.
utter127.1069,utter,PREM,I thought you hadn't been to UK.
utter127.1070,utter,JAMAL,"Oh, I haven't. And it's not Leeds, because that's Elland Road, Kirkgate Market, Commercial Street, St Peter's-"
utter127.1071,utter,PREM,"(icy) - what might it be then, Jamal?"
utter127.1072,utter,JAMAL,"Well, I don't think it's Cambridge."
utter127.1073,utter,PREM,Cambridge Circus is not in Cambridge? Dare I ask why?
utter127.1074,utter,JAMAL,"Too obvious. There's definitely an Oxford Circus in London, and there's a rowing race between Oxford and Cambridge so there's probably a Cambridge Circus too. I'll go for D) London."
utter127.1075,utter,PREM,"That's the logic that's got him this far, Ladies and Gentlemen. Who are we to argue? So. Jamal. D. Apka final jawab?"
utter127.1076,utter,JAMAL,(shrugs) If the Gods are with me...Final
desc127.1077,desc,,"The lights dim, the music swells as Prem pushes the button on his computer."
desc127.1078,desc,,More portentous music.
desc127.1079,desc,,Huge cheers and applause. Even Jamal laughs at this. He cannot quite believe it himself.
utter127.1080,utter,PREM (CONT'D),"Ladies and Gentlemen, Jamal Malik, the man with two and a half million rupees!"
desc127.1081,desc,,More applause. Prem hands him a cheque. Jamal looks at it. Laughs again.
utter127.1082,utter,PREM (CONT'D),"A few hours ago, you were fetching tea for the phone- wallahs. Now you are richer than they ever will ever be. What a player, Ladies and Gentleman! What a player."
desc127.1083,desc,,"The lights dim, the music swells. Prem consults his"
utter127.1084,utter,PREM (CONT'D),"For five million rupees, my friend: who invented the revolver? Was it A) Samuel Colt, B) Bruce Browning, C Dan Wesson or D) James Revolver?"
desc127.1085,desc,,Dramatic pause.
scene128,slugline,,124 INT. HOTEL. NIGHT. 124
desc128.1086,desc,,"A flash of Salim shooting Maman. Another flash of Salim in the doorway, holding the pistol up to Jamal's head."
scene129,slugline,,125 INT. STUDIO. NIGHT. 125
utter129.1087,utter,JAMAL,(suddenly) A). Samuel Colt. A). Samuel Colt. Are you sure?
desc129.1088,desc,,Jamal nods.
utter129.1089,utter,JAMAL,Final answer.
desc129.1090,desc,,The music swells again. Prem presses his computer.
desc129.1091,desc,,He holds out his hand. Jamal hands him back the cheque. He tears the cheque in two.
utter129.1092,utter,PREM (CONT'D),"Ladies and Gentlemen, the chi- wallah has done it again! D. Is right! Incredible!"
desc129.1093,desc,,Cheers and applause from the audience.
scene130,slugline,,125A INT. INSPECTOR'S OFFICE. NIGHT. 125A
utter130.1094,utter,INSPECTOR,"Not that incredible. You'd just murdered somebody with a Colt 45, after all."
utter130.1095,utter,JAMAL,It was self-defence.
utter130.1096,utter,INSPECTOR,"Let's call it manslaughter, then, shall we?"
scene131,slugline,,126 INT. STUDIO. NIGHT. 126
utter131.1097,utter,PREM,"Getting hot in here, isn't it?"
utter131.1098,utter,JAMAL,(genuinely) Are you nervous?
desc131.1099,desc,,The audience laugh. Prem is momentarily flustered.
utter131.1100,utter,PREM,"What? Am I nervous? You're the one who's in the hot seat, my friend."
utter131.1101,utter,JAMAL,Oh. Yes. Sorry.
desc131.1102,desc,,More laughter.
scene132,slugline,,127 INT. GALLERY. NIGHT. 127
desc132.1103,desc,,Bloody hell. He's got Prem on
scene133,slugline,,128 INT. STUDIO. NIGHT. 128
desc133.1104,desc,,"Music, lights. Prem presses his computer."
utter133.1105,utter,JAMAL,None.
utter133.1106,utter,PREM,"None. Oh, dear, oh dear, oh dear. Not to worry, there's only ten million rupees at stake... Which cricketer has scored the most first class centuries in history. Was it A) Sachin Tendulkar, B) Ricky Ponting, C) Michael Slater, D) Jack Hobbs."
desc133.1107,desc,,Prem allows the question to sink in.
utter133.1108,utter,PREM (CONT'D),"You've got a cheque for five million rupees in your hands. You've still got two life-lines, Phone A Friend and 50/50. For ten million rupees: pay, play, or bail out. It's still an option. Remember, if you get the answer wrong, you will lose everything like that."
desc133.1109,desc,,He clicks his fingers.
utter133.1110,utter,PREM (CONT'D),Are you sure you want to do this?
scene134,slugline,,129 EXT. CRICKET GROUND. DAY. 129
desc134.1111,desc,,"An Indian batsman hits a nicely-timed stroke, heads down the wicket for a single. Turns. The other batsman is taking a second run. The Indian tries to halt the other batsman with a shout, then succumbs to the inevitable and charges down the wicket. A fielder hurls the ball at the stumps. The bails fly off."
scene135,slugline,,130 INT. STUDIO. NIGHT. 130
utter135.1112,utter,JAMAL,I'll play.
desc135.1113,desc,,Tense laughter from the audience. Prem holds up the cheque. Jamal nods. Prem tears it up slowly. Allows the pieces to fall to the floor.
utter135.1114,utter,PREM,The dreams of so many. On the floor.
scene136,slugline,,131 EXT. TOWER BLOCK. DAY. 131
desc136.1115,desc,,"Jamal is riding the construction lift to the top of a high building, still just a shell but buzzing with carpenters, bricklayers, cable-layers. The lift stops at the top. Jamal gets out. Looks around. He is miles up. Alone."
utter136.1116,utter,SALIM,Jamal!
desc136.1117,desc,,"Jamal looks around. There is Salim standing on the edge of the building. He saunters over to Jamal, his arms outstretched in theatrical greeting. He is groomed, expensively dressed with the best mobile money can buy dangling from a gold chain around his neck."
utter136.1118,utter,SALIM (CONT'D),"God is good, bhai. God is good."
desc136.1119,desc,,"He tries to embrace Jamal. With as much force as he can muster, Jamal punches him in the face. Salim takes it. Stands there. Wipes blood from his lip. Gets another punch. Then another and another, not even defending himself, until he is being beaten back by a raging Jamal towards the edge of the building. Finally, he tries to reason with Jamal"
utter136.1120,utter,SALIM (CONT'D),Maman's boys were after us. Had to skip.
desc136.1121,desc,,Jamal keeps on beating him back.
utter136.1122,utter,JAMAL,Liar.
utter136.1123,utter,SALIM,Left a message at reception. Waited weeks for you in Nagpur.
utter136.1124,utter,JAMAL,There was no message at reception.
utter136.1125,utter,SALIM,"Bhai, I left a message."
desc136.1126,desc,,"Salim opens his arms, defenceless. It would take one, small push to send him over the edge. There is a moment, when Jamal might. He even has his hands on his chest."
utter136.1127,utter,JAMAL,I will never forgive you.
utter136.1128,utter,SALIM,I know.
desc136.1129,desc,,"The fury in Jamal subsides minutely. Finally, he turns away with a roar of frustration. Salim hangs his head."
scene137,slugline,,131A EXT. TOWER BLOCK. LATER. 131A
desc137.1130,desc,,Jamal and Salim are sitting on the very edge of the building. They can see for miles across the city. Salim has rediscovered his attitude.
utter137.1131,utter,SALIM,"Can you believe it? This was our slum. We lived just there, huh? Now it is business, apartments, call centres...Fuck USA, fuck China. India is at the centre of the world, now, bhai. And I am at the centre of the centre, Jamal. This is all Javed-bhai's."
utter137.1132,utter,JAMAL,Javed Mehta? The Gangster from our slum? You work for him?
utter137.1133,utter,SALIM,"Who else would protect us from Maman's gang, huh?"
utter137.1134,utter,JAMAL,What do you do for him?
utter137.1135,utter,SALIM,Anything he asks.
desc137.1136,desc,,Salim's mobile rings. Salim is immediately subservient on the phone. Rings off.
utter137.1137,utter,SALIM (CONT'D),He is coming. You must go. My card.
desc137.1138,desc,,He hands Jamal a card.
utter137.1139,utter,JAMAL,What for?
utter137.1140,utter,SALIM,"You think I am going to let you out of my sight again, little brother? You stay with me now. Ab phut!"
utter137.1141,utter,JAMAL,"Salim, where's Latika?"
utter137.1142,utter,SALIM,"Still? She's gone, Jamal. Long gone. Now go. Quick."
desc137.1143,desc,,"Jamal gets up, hurries away, hidden behind piles of building materials just as Javed appears in his flash suit and jewelry. Three of his young henchmen walk alongside."
scene138,slugline,,132 INT. SALIM'S APARTMENT. NIGHT. 132
desc138.1144,desc,,"Jamal is asleep on a mattress on the floor of a smart apartment. A mobile phone rings. The muffled sound of Salim talking quietly next door. Then, Salim creeps into the room, checks to see Jamal is asleep, unlocks a desk drawer and brings out his pistol. He puts it in a hold-all and goes out the front door. Jamal's eyes snap open. He has seen it all."
utter138.1145,utter,JAMAL V/O,"Slum dogs never sleep, only nap. He would disappear for a couple of days and come back changed. Sometimes elated-"
scene139,slugline,,133 INT. SALIM'S APARTMENT. NIGHT. 133
desc139.1146,desc,,"The door bangs open and a giggling-drunk, half-naked Bar Girl drags the sleeping Jamal up and into the bathroom."
utter139.1147,utter,BAR GIRL,He has flipped! I can't do anything with him....
desc139.1148,desc,,"Salim is in the bath, bathing, literally, in money."
utter139.1149,utter,SALIM,"Look at it, bhai, look at it!"
scene140,slugline,,134 INT. SALIM'S APARTMENT. DAWN. 134
utter140.1150,utter,JAMAL V/O,Sometimes the opposite.
desc140.1151,desc,,"Jamal creeps towards Salim's bedroom door. He pushes it open a fraction to see Salim crouched on the floor in prayer, sobbing quietly."
utter140.1152,utter,SALIM,(whispering) Ae khuda mujhe baksh de maine bahut gunaah kiye hain....
utter140.1153,utter,JAMAL V/O,But younger brothers don't interfere. Mostly.
scene141,slugline,,135 EXT. SALIM'S APARTMENT. DAY. 135
desc141.1154,desc,,Salim comes out of his apartment block. Gets into his jeep. Drives off. Doesn't notice Jamal in the motor rickshaw that pulls out and follows him.
scene142,slugline,,136 EXT. JAVED'S BUNGALOW. DAY. 136
desc142.1155,desc,,"Salim approaches a gate-house to a large bungalow. The Door-Keeper nods to him, rings a bell. From the rickshaw, Jamal watches a woman come to the door. Latika. Eighteen, completely beautiful and rich. She hands Salim a package and goes back inside. Salim gets in his jeep and drives away."
scene143,slugline,,137 EXT. JAVED'S BUNGALOW. DAY. 137
desc143.1156,desc,,Jamal approaches the Door-Keeper's gate-house.
utter143.1157,utter,JAMAL,"Baba, I am the new cook from the agency. A thousand apologies, I am late for the Memsaab."
desc143.1158,desc,,"The Door-Keeper grunts and goes inside. After a brief pause, he returns."
utter143.1159,utter,DOOR-KEEPER,She doesn't know anything about any cook. There's supposed to be a dishwasher being delivered. Know anything about that?
utter143.1160,utter,JAMAL,"Baba, I am your dishwasher!"
desc143.1161,desc,,The Door-keeper grunts at this attempt at humour. Latika appears at the gate.
utter143.1162,utter,LATIKA,"Haven't I told you, don't interrupt when I'm watching-"
desc143.1163,desc,,She looks at Jamal. Is silenced briefly.
utter143.1164,utter,LATIKA (CONT'D),- come inside. I'll show you the kitchen.
scene144,slugline,,138 INT. KITCHEN. DAY. 138
desc144.1165,desc,,Latika and Jamal go into the kitchen. Who Wants To Be A Millionaire plays on the tv in the background. She turns and hugs him tight. They laugh with happiness.
utter144.1166,utter,LATIKA,"(delighted) Jamal, Jamal, look at you...!"
desc144.1167,desc,,"Their heads are close, they might kiss. Then Latika turns away, stares out of the window."
utter144.1168,utter,LATIKA (CONT'D),"Are wa, Jamal...."
desc144.1169,desc,,"Jamal smiles hopefully at her. But there is sadness in her now. She takes her sunglasses off, rubs her eyes. There is a bruise there."
utter144.1170,utter,JAMAL,You've hurt your eye.
utter144.1171,utter,LATIKA,Why are you here?
utter144.1172,utter,JAMAL,To see you.
utter144.1173,utter,LATIKA,Well. You see me.
desc144.1174,desc,,"She stands there, challenging. On the tv, somebody is winning money."
utter144.1175,utter,JAMAL,Why does everyone love this programme?
utter144.1176,utter,LATIKA,"It's the chance to escape, isn't it? Walk into another life. Doesn't everyone want that?"
utter144.1177,utter,JAMAL,You have another life. A rich one.
utter144.1178,utter,LATIKA,"Who'd have thought it possible? A slum dog, with all this."
utter144.1179,utter,JAMAL,Are you happy?
utter144.1180,utter,LATIKA,"I have five star food, five star clothes. I sleep in a bed, not on the street. From where we come from, Jamal, that is happiness."
utter144.1181,utter,JAMAL,You don't look so happy with a black eye.
utter144.1182,utter,LATIKA,"You turn up here out of nowhere, telling me I'm not happy: how dare you?"
desc144.1183,desc,,Voices at the gate-house.
utter144.1184,utter,LATIKA (CONT'D),"God, Javed will kill you. Here."
utter144.1185,utter,JAMAL,Javed? You are with him?
desc144.1186,desc,,She throws him an apron. He gets it on just in time for Javed to walk in. Jamal turns away.
utter144.1187,utter,JAVED,"First you want a dishwasher, now a bloody cook-"
utter144.1188,utter,LATIKA,-I just thought-
utter144.1189,utter,JAVED,- chup. The cricket's on.
desc144.1190,desc,,Javed changes channel and dials on his mobile.
utter144.1191,utter,JAVED (CONT'D),Why do you always watch that shit? Huh? I'm already a millionaire.
desc144.1192,desc,,He laughs at his own joke. Turns to Jamal.
utter144.1193,utter,JAVED (CONT'D),"Well, come on then, Cook. I'm hungry. Get me a sandwich."
utter144.1194,utter,JAMAL,"Immediately, Sir."
desc144.1195,desc,,"Javed stares at Jamal a moment, trying to place a face he vaguely recognises. Then the Bookie comes on the line and he turns back to the television."
utter144.1196,utter,JAVED,Atcha...
desc144.1197,desc,,"Latika hurries around the kitchen getting out bread and condiments, whispering while Javed talks on the phone."
utter144.1198,utter,JAMAL,Come away with me.
utter144.1199,utter,LATIKA,"Chutiye. Away where? And live on what? What can you provide? What have you got, Jamal?"
utter144.1200,utter,JAMAL,Love.
utter144.1201,utter,JAVED,"(on the mobile) ..yeah. He's on eighty-five. I want four lakh on him making a century. What are you giving?...Okay, make it five"
desc144.1202,desc,,"Javed pours himself a glass of whisky, never taking his eyes from the television."
utter144.1203,utter,TV COMMENTATOR,We are watching history unfold today at the Wankhede Stadium as Sachin Tendulkar carves his way towards another magnificent century and the record books. His thirty-eighth century- the most by any Indian cricketer ever...
utter144.1204,utter,LATIKA,"Love. That will feed us, will it?"
utter144.1205,utter,JAMAL,"It won't buy you a new dishwasher, but it might make you happy."
utter144.1206,utter,LATIKA,"Where have you been? Get in the real world, Jamal."
utter144.1207,utter,JAMAL,You and me. That is the real world. Come away with me.
desc144.1208,desc,,"Latika snatches the sandwich from him and gives it to Javed. Goes back to Jamal, whispers under cover of putting condiments away."
utter144.1209,utter,LATIKA,You're crazy.
utter144.1210,utter,JAMAL,Salim will help us.
utter144.1211,utter,LATIKA,"Salim? You still believe in Salim? Jamal...I'll be gone soon, anyway. Bombay's got too dangerous for-"
desc144.1212,desc,,She indicates Javed.
utter144.1213,utter,JAMAL,Where?
utter144.1214,utter,LATIKA,You think he'd tell me?
utter144.1215,utter,JAVED,"Straight bat, straight bat, dammit."
desc144.1216,desc,,Then the batsman at the other end calls to take a second run.
utter144.1217,utter,JAVED (CONT'D),No! A single!
desc144.1218,desc,,"Tendulkar seems to agree, tries to halt the other batsman with a shout, then succumbs to the inevitable and charges down the wicket. A fielder hurls the ball at the stumps. The bails fly off."
utter144.1219,utter,JAVED (CONT'D),"No, no, no! stupid ben chod idiot..."
desc144.1220,desc,,He flings his glass of whisky at the television. Suddenly tastes what he has been eating.
utter144.1221,utter,JAVED (CONT'D),"And what is this shit supposed to be, mader chod? Get out. Get out!"
desc144.1222,desc,,Javed throws the sandwich at him and slams out of the room. His footsteps can be heard stomping into another room.
utter144.1223,utter,LATIKA,"Now go, before he kills us both."
desc144.1224,desc,,She leads Jamal to the door.
utter144.1225,utter,JAVED,"Latika, where's my bloody shirt? The Armani."
desc144.1226,desc,,Latika shouts over her shoulder.
utter144.1227,utter,LATIKA,Coming!
desc144.1228,desc,,Back to Jamal.
utter144.1229,utter,LATIKA (CONT'D),(whispered) You want to do something for me?
utter144.1230,utter,JAMAL,Anything.
utter144.1231,utter,LATIKA,Then forget me.
utter144.1232,utter,JAMAL,I'll wait at VT station. Five o'clock every day until you come.
desc144.1233,desc,,She shakes her head.
utter144.1234,utter,JAMAL (CONT'D),I love you.
utter144.1235,utter,LATIKA,"So what, Jamal? So what? (loudly) Now, get out and tell your no- good agency not to send anybody else until they've learnt to cook. You hear?"
desc144.1236,desc,,"She slams the door. Hurries back into the kitchen, throws Javed's plate into the sink. The Door-keeper comes in."
utter144.1237,utter,DOOR-KEEPER,"Madam, your dishwasher has arrived."
desc144.1238,desc,,"Leaning over the sink, Latika weeps silently."
scene145,slugline,,139 INT. SALIM'S APARTMENT. NIGHT. 139
desc145.1239,desc,,Salim has his hand around Jamal's throat.
utter145.1240,utter,SALIM,"Why can't you let it alone? You want money, I'll give you money. Girls? I can get you girls."
utter145.1241,utter,JAMAL,You know what I want.
utter145.1242,utter,SALIM,You're like some crazy man- you're obsessed.
utter145.1243,utter,JAMAL,"She is my destiny, Salim."
utter145.1244,utter,SALIM,"Know what your destiny is, crazy boy? A bullet between the eyes. And after that, he'll kill her. Is that what you want? Huh?"
utter145.1245,utter,JAMAL,"Me, I don't care. Latika? She's already half dead."
desc145.1246,desc,,Salim takes his hand away from Jamal's neck.
utter145.1247,utter,SALIM,"Yes. About that, you are right."
utter145.1248,utter,JAMAL,You sold her.
utter145.1249,utter,SALIM,(fierce) I didn't sell her. Javed wanted her. He gets what he wants.
desc145.1250,desc,,He turns away bitterly.
utter145.1251,utter,SALIM (CONT'D),"She's doing alright. Get it into your thick head, Jamal. She's not yours and she never will be."
scene146,slugline,,140 INT. STUDIO. NIGHT. 140
utter146.1252,utter,PREM,"Time for a commercial break, Ladies and Gentlemen. I know, I know, I can't stand the tension either. Don't even think about leaving your seat. We'll be back."
desc146.1253,desc,,The lights flick back on. Prem slumps back in his chair.
utter146.1254,utter,PREM (CONT'D),"You've got the luck of the devil, yaar, I'll give you that."
utter146.1255,utter,JAMAL,I- I need to-
utter146.1256,utter,PREM,"Oh, the toilet. Sure. Naveed, Jamal wants the bog."
desc146.1257,desc,,"The Floor Manager and a Security Guard usher Jamal off- stage. Prem looks up at the gallery, raises his eyes at the Director. Some show. Then he gathers himself and heads off-stage."
scene147,slugline,,141 INT. CHHATRAPATI SHIVAJI TERMINUS. DAY. 141
desc147.1258,desc,,"The clock reads five oh three. Jamal stands on the footbridge. Humanity washes around him. His eyes dart around, frightened to miss her. Checks the clock again. Six. The platform is almost deserted. He wanders away."
scene148,slugline,,142 INT. CORRIDOR. NIGHT. 142
desc148.1259,desc,,"Prem wanders down the corridor followed by a Security Guard. Another Security Guard is waiting at the entrance to the toilet. Prem goes in, leaving the two Guards in the corridor."
scene149,slugline,,143 INT. CHHATRAPATI SHIVAJI TERMINUS. DAY. 143
desc149.1260,desc,,"Jamal stands on the footbridge gazing down at the hordes of commuters. Five o'clock, five fifteen, five thirty. Six. Jamal rests his head against the railings."
scene150,slugline,,144 INT. TOILET. NIGHT. 144
desc150.1261,desc,,Jamal is in one of the cubicles. Prem goes to the urinal. Unzips.
utter150.1262,utter,PREM,A guy from the slums becomes a millionaire overnight. You know the only other person who's done that? Me. I know what it's like. I know what you've been through.
utter150.1263,utter,JAMAL O/S,I'm not going to become a milionaire. I don't know the answer.
utter150.1264,utter,PREM,"(laughs) You've said that before, yaar."
desc150.1265,desc,,"Prem finishes pissing. Goes over to the washbasins, runs the taps and washes his hands."
utter150.1266,utter,JAMAL O/S,"No, I really don't."
utter150.1267,utter,PREM,"What? You can't take the money and run now. You're on the edge of history, kid!"
utter150.1268,utter,JAMAL O/S,I don't see what else I can do.
utter150.1269,utter,PREM,"Maybe it is written, my friend. You're going to win this. Trust me, you're going to win."
desc150.1270,desc,,"Prem leaves. Jamal flushes and comes out of the cubicle. Goes to the washbasins. In the mist on the mirror above the taps is written the letter ""B"". Jamal stares at it. Gradually it fades, leaving only the growing fury on his face staring back at him."
scene151,slugline,,145 INT. STUDIO. NIGHT. 145
desc151.1271,desc,,Jamal stalks back onto the set. Sits down in his chair. Stares at Prem who looks unconcernedly back. Twenty seconds.
scene152,slugline,,145A INT. CHHATRAPATI SHIVAJI TERMINUS. DAY. 145A
desc152.1272,desc,,"The digital clocks show five fifteen. Shoving the descending river of people out of his way, the seventeen year-old Jamal is forging a path up steps that cross the platforms. He pushes to the middle of the footbridge and leans out on the side railings. He scans the sea of people, desperately. Then he sees her: the eighteen year-old Latika, heart-stoppingly beautiful, over the other side of the station. A world away. She is scanning the crowd, as wired as he is."
utter152.1273,utter,JAMAL,Latika! Latika!
desc152.1274,desc,,"But though he is screaming her name, his voice is swallowed by the noise around him. Then he sees two thuggish-looking men also fighting a way towards her."
utter152.1275,utter,JAMAL (CONT'D),Latika!
desc152.1276,desc,,"Frightened now, he fights his way down the steps, one figure against an army of white-robed people. He gets to the bottom of the steps, is making progress against the tide. But so are the two men. Jamal is now on the same platform. Shouts her name again. She turns with a smile. But the two Thugs leap through a train onto her platform. She sees them, starts running, is lost in the crowd. Jamal runs off along the platform after Latika."
utter152.1277,utter,JAMAL (CONT'D),Latika! Latika!
desc152.1278,desc,,"By the time Jamal has fought himself to where Latika was- she is gone. He whirls around, mad with frustration."
utter152.1279,utter,JAMAL (CONT'D),Latika! Latika!
scene153,slugline,,147 EXT. CHHATRAPATI SHIVAJI TERMINUS. DAY. 147
desc153.1280,desc,,"Latika is jumping the tracks, crossing in front of trains. But the Thugs are gaining on her. He brings her down and drags her across to Javed's waiting Mercedes. Salim is standing by the car. Jamal pushes through the crowds just in time to see Salim bundling her into the car."
utter153.1281,utter,JAMAL,Salim!
desc153.1282,desc,,Salim spits disgustedly on the ground. Gets in. Latika twists her head to see Jamal as the car skids off. Jamal screams with hopeless fury.
scene154,slugline,,148 INT. STUDIO. NIGHT. 148
desc154.1283,desc,,Fifteen seconds. Jamal and Prem stare at each other. Prem smiles.
utter154.1284,utter,PREM,Do the right thing and in approximately three minutes you will be as famous as me. Ten seconds.
utter154.1285,utter,PREM,"And as rich as me. Five seconds. Almost. Four, three... From rags to Raja. It's your destiny. ...we're on."
desc154.1286,desc,,Applause from the audience.
utter154.1287,utter,PREM,"Welcome back to Who Wants to Be A Millionaire? In the chair tonight is Jamal Malik- as if we don't know! In an amazing run, Jamal has already five million rupees but, not content with that, has chosen to gamble for one Crore- that's ten million million rupees. What a player! The question one more time: Which cricketer has scored the most first class centuries in history. Was it A) Sachin Tendulkar, B) Ricky Ponting, C) Michael Slater, D) Jack Hobbs."
utter154.1288,utter,JAMAL,I know it isn't Sachin Tendulkar.
utter154.1289,utter,PREM,"That's a start. So, it could be Ricky Ponting, Jack Hobbs or Michael Slater."
utter154.1290,utter,JAMAL,I'll use a life-line. Fifty-
utter154.1291,utter,PREM,"Okay. Computer, take away two wrong answers."
desc154.1292,desc,,"Music swells, lights dim."
utter154.1293,utter,PREM (CONT'D),"Well, you were right about Sachin Tendulkar. The computer has taken away A) Sachin Tendulkar and C) Michael Slater. That leaves you a fifty-fifty choice, Jamal. B) Ricky Ponting or D) Jack Hobbs. What do you think? Decision time. For half a million rupees. Your answer: B) Ricky Ponting or D) Jack Hobbs."
desc154.1294,desc,,"A hideous, never-ending pause while Jamal stares into Prem's eyes."
desc154.1295,desc,,A barely perceptible jump from Prem.
utter154.1296,utter,PREM,You sure? Not B) Ricky Ponting? The Australian? Great cricketer.
utter154.1297,utter,JAMAL,D. Jack Hobbs.
utter154.1298,utter,PREM,Do you know?
desc154.1299,desc,,Jamal shakes his head.
utter154.1300,utter,PREM (CONT'D),"So it could be B, Ricky Ponting?"
utter154.1301,utter,JAMAL,Or D. Jack Hobbs.
utter154.1302,utter,JAMAL,Final Answer. D.
desc154.1303,desc,,A just-perceptible narrowing of the eyes.
desc154.1304,desc,,Prem turns to the computer. Music. Lights.
desc154.1305,desc,,The audience go wild. Prem's smile is thin.
desc154.1306,desc,,The camera goes off Prem for a second. He mimes a disgusted spit. Then he is back on.
utter154.1307,utter,PREM (CONT'D),"I cannot believe what I am seeing here, tonight, Ladies and Gentlemen....So, are you ready for the final question for two"
utter154.1308,utter,JAMAL,"Not really, but...maybe it is written, no?"
utter154.1309,utter,PREM,"Maybe, indeed. Okay, okay. For twenty million rupees, the final question on Who Wants to be a Millionaire?"
desc154.1310,desc,,"The lights dim again, the portentous music increases. Suddenly a klaxon sounds. The audience burst into nervous laughter and groans. Prem laughs."
utter154.1311,utter,PREM (CONT'D),"Ohhhhh! Just when I thought I would need a pacemaker fitted, we're out of time! What a show, Ladies and Gentlemen, what a show. Join us tomorrow night to see if Jamal Malik has made the biggest mistake of his life or has just won the biggest prize in the history of Indian television....Same place, same time. You wouldn't dare miss it. Goodnight!"
desc154.1312,desc,,Applause. The studio lights come up. Prem switches off his smile as fast as the cameras switch off. Gets up and pulls out his mobile.
scene155,slugline,,149 EXT. JAVED'S BUNGALOW. DAY. 149
desc155.1313,desc,,"Waving a kitchen knife in on hand, a desperate Jamal slams through the gates of Javed's bungalow, the objecting Doorkeeper running along behind. He bangs open the front door."
utter155.1314,utter,JAMAL,Latika!
scene156,slugline,,150 INT. JAVED'S BUNGALOW. DAY. 150
desc156.1315,desc,,Stops dead. The place has been stripped of everything. Not a single thing remains. Jamal runs into another room. As empty as the first. He stops in his tracks.
utter156.1316,utter,DOOR-KEEPER,Told you.
utter156.1317,utter,JAMAL,Where? Where is she?
utter156.1318,utter,DOOR-KEEPER,Dunno.
desc156.1319,desc,,"He grabs the Door-keeper by the shirt-collar, slams him up against the wall. Holds the knife against his throat."
utter156.1320,utter,JAMAL,Where?
utter156.1321,utter,DOOR-KEEPER,"I don't know! Wouldn't say, would they? They had to get out fast. The police. Honestly."
desc156.1322,desc,,Jamal lets go of the Door-keeper. Goes hopelessly to the window. On the window sill is a phone. He picks it up. There is a dial tone. Jamal rummages in his trouser pocket. Gets out the battered card with Salim's details on. Dials. Salim picks up.
utter156.1323,utter,JAMAL,Where are you? Where is she?
scene157,slugline,,150A INT. JAVED'S SAFE HOUSE. SALIM'S ROOM. DAY. 150A
desc157.1324,desc,,"Salim is stalking around his room in Javed's new house. Hold-alls of clothes and possessions lie around the room. A chest of drawers sits with its drawers open, still empty."
utter157.1325,utter,SALIM,"Where you'll never find her. Or me. You could have joined us, you bloody idiot, been one of us. You've lost everything now. Everything."
desc157.1326,desc,,"Cuts the call off and slings the phone in a drawer. Takes the gun from his waist, and throws that in too. Slams the drawer shut with as much force as he can."
scene158,slugline,,150B INT. JAVED'S BUNGALOW. DAY. 150B
utter158.1327,utter,JAMAL,Salim...!
desc158.1328,desc,,The line goes dead. Jamal slides to the floor...
scene159,slugline,,151 INT. SALIM'S APARTMENT. NIGHT. 151
desc159.1329,desc,,"...the camera pulls out from Jamal's face revealing that Jamal is sitting on the floor of Salim's apartment. In the background can be heard the sound of the television. Jamal looks at the knife in his hand, wonders what he might do with it. The sound of Prem's voice on the tv."
desc159.1330,desc,,Jamal looks up. Stares at the tv.
scene160,slugline,,152 INT. STUDIO. BACKSTAGE. NIGHT. 152
utter160.1331,utter,PREM,"This way, Jamal, this way. Great show, my friend. See you tomorrow, huh?"
desc160.1332,desc,,"In the half-light, Prem guides him to a stage door."
scene161,slugline,,153 EXT. STUDIO. BACKSTAGE. NIGHT. 153
desc161.1333,desc,,"Jamal steps outside the backstage door. Leans on the rail and takes a huge breath. Immediately, a blanket is thrown over his head and two police men bundle him into the back of a police van. The Director joins Prem at the back-stage door as the van pulls away, sirens screaming."
utter161.1334,utter,DIRECTOR,What's going on?
utter161.1335,utter,PREM,He's a cheat.
utter161.1336,utter,DIRECTOR,This was you? You called them?
desc161.1337,desc,,Prem shrugs.
utter161.1338,utter,DIRECTOR (CONT'D),How d'you know he's cheating?
utter161.1339,utter,PREM,"Oh, come on! Of course he is. He's a bloody village boy. Even when I fed him the wrong answer the little shit got it right."
desc161.1340,desc,,Director stares at him.
utter161.1341,utter,DIRECTOR,You gave him an answer?
utter161.1342,utter,PREM,"Well, I didn't exactly-"
desc161.1343,desc,,"The Director walks away shaking his head. In the doorway, Nita is standing there, watching."
utter161.1344,utter,PREM (CONT'D),Nita?
desc161.1345,desc,,But she too turns and walks away.
scene162,slugline,,154 INT. INSPECTOR'S OFFICE. DAY. 154
utter162.1346,utter,INSPECTOR,It is all bizarrely plausible. And yet...
utter162.1347,utter,JAMAL,"Because I am a slum dog, chi- wallah, I am a liar, right?"
utter162.1348,utter,INSPECTOR,Most of you are.
desc162.1349,desc,,"Srinivas comes hurrying in carrying a file, very pleased with himself."
utter162.1350,utter,CONSTABLE SRINIVAS,"Shooting at Pila Street, October 19th...Maman Hossani....Victim pronounced dead at scene. Suspects absconded: two males, early teens, one female, early teen."
desc162.1351,desc,,The Inspector takes the file. Stares at it. Shakes his head.
utter162.1352,utter,INSPECTOR,"But you: you're not a liar, Mister Malik, that is for sure. You are too truthful."
desc162.1353,desc,,He turns to Srinivas.
utter162.1354,utter,INSPECTOR (CONT'D),"Thank you, Constable. All that remains is to work out whether it was manslaughter or murder. Ten years, or life."
desc162.1355,desc,,The Young Constable sticks his head around the door.
utter162.1356,utter,YOUNG CONSTABLE,"The Commissioner's here, Sir."
desc162.1357,desc,,"The Inspector sighs. Gets up. Accompanied by Srinivas, he leaves the room. Jamal sits there. Lets his head drop. The camera floats from the room, down the dingy corridor and out through a window..."
scene163,slugline,,155 EXT. POLICE STATION. DAY. 155
desc163.1358,desc,,....alighting on a crowd of hundreds of people jostling to get a view of the building. News crews are setting up around them. A tv Reporter is doing a piece to camera.
utter163.1359,utter,TV REPORTER,"....behind the walls of this police station lies the mystery all of India is talking about. Did Jamal Malik, an uneducated, eighteen year-old boy from the slums of Mumbai win one Crore rupees by fair means or foul? And in the crowds all around me there is an even bigger question. Will he be back on the show tonight to play for twenty million rupees..."
scene164,slugline,,156A INT. POLICE OFFICE. DAY. 156A
desc164.1360,desc,,The Commissioner is waiting in the outer office.
utter164.1361,utter,COMMISSIONER OF POLICE,So? Have you charged him yet?
utter164.1362,utter,INSPECTOR,I- progress is being made sir.
utter164.1363,utter,COMMISSIONER OF POLICE,Progress? Have you charged him?
utter164.1364,utter,INSPECTOR,"No, Sir."
desc164.1365,desc,,"The Commissioner dumps a copy of the Times of India down on the desk. Then the Hindustan Times, the Amar Ujala and the Afternoon Dispatch thump down after them."
utter164.1366,utter,COMMISSIONER OF POLICE,And if that isn't enough for you...
desc164.1367,desc,,He motions the Inspector to come over to the window. Lifts the blind. The Inspector hurries over. Looks alarmed.
utter164.1368,utter,INSPECTOR,That's-?
utter164.1369,utter,COMMISSIONER OF POLICE,"- yes, yes! The boy's a bloody hero with every beggar and thief in the city. We're in danger of looking very stupid, here, Inspector."
utter164.1370,utter,INSPECTOR,"Whilst I'm not convinced he actually cheated, I have got-"
desc164.1371,desc,,The Inspector brandishes the file.
utter164.1372,utter,COMMISSIONER OF POLICE,- Prem Kumar himself- a man of great standing and integrity- said the kid was a liar and a cheat. What more do you need?
desc164.1373,desc,,The Inspector pauses.
utter164.1374,utter,INSPECTOR,A liar.
desc164.1375,desc,,Then he puts the file behind his back. Srinivas frowns.
utter164.1376,utter,INSPECTOR (CONT'D),"Indeed, sir."
desc164.1377,desc,,Srinivas coughs pointedly. Gets a steely look from the Inspector. The Commissioner has been staring out of the window at the crowds. Turns back to them.
utter164.1378,utter,COMMISIONER OF POLICE,"He's in for fraud, so you charge him for fraud. Fast. Or you'll find yourself on traffic duty at the Gateway of India. Understand?"
utter164.1379,utter,INSPECTOR,"Yes, sir."
desc164.1380,desc,,The Commissioner walks out.
utter164.1381,utter,CONSTABLE SRINIVAS,Sir-?
utter164.1382,utter,INSPECTOR,"Not a word, Srinivas."
scene165,slugline,,157 INT. JAVED'S SAFE-HOUSE. SITTING ROOM. NIGHT. 157
desc165.1383,desc,,"A cheek scarred by disfiguring knife scars. Pulling back we see it is Latika, staring frozen at Jamal on the television news. A palatial living room. Dealing cards to Salim, is Javed Khan. A couple of Bar Girls giggle next to Javed and a couple of his Thugs. Pouring drinks at a sideboard is Latika. Javed glances up at the screen, clearly not recognising Jamal on a clip from Who Wants to be a Millionaire. Salim, too is staring, wide-eyed at the tv. Javed picks up the remote, doesn't even notice and switches over to a music channel. Latika hurries out."
utter165.1384,utter,JAVED,"What about my bloody whisky, woman?"
desc165.1385,desc,,But she has already gone. He growls after her.
utter165.1386,utter,JAVED (CONT'D),"Hey, Salim."
desc165.1387,desc,,He motions Salim to get him a drink. Javed's mobile rings as Salim goes over to the sideboard. Shifts a bottle to the back.
utter165.1388,utter,SALIM,We're out. I'll just get- Syed.
desc165.1389,desc,,Salim smiles faintly at the image of Jamal and hurries out.
scene166,slugline,,158 INT . JAVED'S SAFE-HOUSE. SALIM'S ROOM. NIGHT. 158
desc166.1390,desc,,"A drawer opens. Inside is Salim's pistol. And a phone- the same one he threw in there months ago. Salim stares at both for a long time. Finally, picks up the gun and phone."
utter166.1391,utter,SALIM,(to himself)
desc166.1392,desc,,He finds this faintly amusing.
scene167,slugline,,159 INT. JAVED'S SAFE-HOUSE. KITCHEN. NIGHT. 159
desc167.1393,desc,,"Latika sits in the kitchen, staring at the tv, tears running down her cheeks. A reporter is talking in front of an enlarged photograph of Jamal. Latika wipes away the tears quickly as Salim comes in. He locks the door behind him. Stares at the tv."
utter167.1394,utter,SALIM,That boy. He will never give up. Never.
desc167.1395,desc,,He shakes his head.
utter167.1396,utter,SALIM (CONT'D),Crazy chutiye.
desc167.1397,desc,,Salim approaches Latika. She flinches as he walks towards her. He puts some car keys in front of her.
utter167.1398,utter,SALIM (CONT'D),Ja. Go.
utter167.1399,utter,LATIKA,But-
utter167.1400,utter,SALIM,- just drive. There won't be another chance. Go.
desc167.1401,desc,,Latika takes the keys. Hesitates.
utter167.1402,utter,LATIKA,He'll kill you.
desc167.1403,desc,,"Salim smiles, shakes his head."
utter167.1404,utter,SALIM,It is not written. Salim!
desc167.1405,desc,,Salim goes to the back door. Unlocks it. Opens it for her.
utter167.1406,utter,LATIKA,"Salim, I....can't."
desc167.1407,desc,,Salim points at the television.
utter167.1408,utter,SALIM,You have to. It'll take you two hours if you drive fast. Here.
desc167.1409,desc,,He holds out his mobile phone.
utter167.1410,utter,SALIM (CONT'D),"For God's sake, hold on to it."
desc167.1411,desc,,Latika takes it. Salim takes hold of both sides of her head for a moment.
utter167.1412,utter,SALIM (CONT'D),"For what I have done, please forgive me."
desc167.1413,desc,,Salim releases her.
utter167.1414,utter,SALIM (CONT'D),Go. Have a good life.
desc167.1415,desc,,"Salim puts his hands together in blessing. She leaves. Salim shuts the door, locks it. Smiles."
scene168,slugline,,160 INT. INSPECTOR'S OFFICE. NIGHT. 160
desc168.1416,desc,,Jamal is dozing in the chair. He wakes with a shout. Srinivas has just thrown a bucket of water in his face. He unlocks the handcuffs. Jamal looks up at him. Srinivas shrugs.
utter168.1417,utter,CONSTABLE SRINIVAS,You're back on the show.
scene169,slugline,,161 INT. BACKSTAGE. NIGHT. 161
desc169.1418,desc,,The audience for Who Wants to be a Millionaire are standing in line. They are being body-searched by police. Mobiles are being confiscated and put in bags.
scene170,slugline,,162 INT. BACKSTAGE. NIGHT. 162
desc170.1419,desc,,Gaffers make last-minute adjustments to the lights shining on the empty chairs in the middle of the set. Camera positions are checked by the Floor Manager.
scene171,slugline,,163 INT. POLICE OFFICE. NIGHT. 163
desc171.1420,desc,,"Srinivas walks Jamal through the police office, past the Inspector sitting at his desk, his arms behind his head, pondering. He watches Jamal go and then asks:"
utter171.1421,utter,INSPECTOR OF POLICE,What happened? To the girl? Latika?
desc171.1422,desc,,Jamal stops.
utter171.1423,utter,JAMAL,Who knows?
desc171.1424,desc,,Jamal walks on. The Inspector watches him all the way.
scene172,slugline,,164 INT. POLICE JEEP. NIGHT. 164
desc172.1425,desc,,Jamal sits in the back of the police jeep. It pulls out of the police station car park into a sea of people all cheering and shouting at the jeep. Jamal looks terrified.
scene173,slugline,,165 INT. CAR. NIGHT. 165
desc173.1426,desc,,Latika drives through the slums of Mumbai. She hoots her horn furiously at a cart-driver ambling across the road.
scene174,slugline,,166 INT. POLICE JEEP. NIGHT. 166
desc174.1427,desc,,"The jeep stops at the lights and a beggar wanders up, tapping on the windscreen. The beggar studies Jamal's face for a second, then starts shouting and pointing at him."
utter174.1428,utter,BEGGAR,Crorepati! Crorepati!
desc174.1429,desc,,Other beggars- just like the one Jamal used to be- join him and start cheering and applauding. The jeep pulls away.
scene175,slugline,,168 EXT. SLUM. NIGHT. 168
desc175.1430,desc,,"At the chi stall, everyone gathers around the tv, watching."
scene176,slugline,,169 EXT. ROADSIDE CHI HOUSE. NIGHT. 169
desc176.1431,desc,,"A rickshaw parks up next to a hundred others. The Driver leaps out, abandoning the irate business man in the back and runs to the tv in the cafe."
scene177,slugline,,170 INT. CALL CENTRE. NIGHT. 170
desc177.1432,desc,,The Manager walks into the aircraft hanger of a building. Stops. Where is everyone? Then he sees everyone crowded around the tv in the Recreation Room. Stalks over.
utter177.1433,utter,MANAGER,Oi! Get back to work.
desc177.1434,desc,,Then he sees Jamal's face on the tv.
utter177.1435,utter,MANAGER (CONT'D),The chi-wallah?
scene178,slugline,,171 EXT. ROADSIDE SHACKS. NIGHT. 171
desc178.1436,desc,,"All along the highway, one by one the televisions in a hundred shacks flick on, silhouetting the family huddled in front of it."
scene179,slugline,,172 INT. STUDIO. BACKSTAGE. NIGHT. 172
desc179.1437,desc,,"In the half-light, Jamal is being powdered by Nita."
utter179.1438,utter,NITA,Good luck.
desc179.1439,desc,,Prem sneers.
desc179.1440,desc,,She finishes powdering Jamal.
utter179.1441,utter,PREM,"Hey. Sweetheart. What about me? I'm sweating, here."
utter179.1442,utter,NITA,You should be.
desc179.1443,desc,,She dumps the powder compact in his hand.
utter179.1444,utter,PREM,So. Tonight. The Calypso Bar.
utter179.1445,utter,NITA,Not if you were the only man in the world.
desc179.1446,desc,,She walks off.
utter179.1447,utter,PREM,(genuinely puzzled) But I am the only man in the world.
scene180,slugline,,173 EXT. MUMBAI STREET. NIGHT. 173
desc180.1448,desc,,The traffic is gridlocked. Latika is pumping the horn.
utter180.1449,utter,LATIKA,"Come on, come on!"
desc180.1450,desc,,"She glances out of the window, sees one of the roadside shacks with the television on. Gets out of the car and runs to it."
scene181,slugline,,173A INT. COMMISSIONER'S OFFICE. NIGHT. 173A
desc181.1451,desc,,The Commissioner grabs his phone.
utter181.1452,utter,COMMISSIONER OF POLICE,Get me the Inspector on the phone now!
scene182,slugline,,173B INT. INSPECTOR'S OFFICE. NIGHT. 173B
desc182.1453,desc,,"The Inspector wanders into his office, still deep in thought. Switches on the television just as the Millionaire music starts. Sits. The phone rings."
scene183,slugline,,177 INT. STUDIO. NIGHT. 177
desc183.1454,desc,,Prem and Jamal walk on-stage. Blinding light. They take their seats to tumultuous applause.
utter183.1455,utter,PREM,"Welcome back to Who Wants to be a Millionaire? I can safely say that tonight is the biggest night of both of our lives, Ladies and Gentlemen. Jamal Malik, the Call Centre worker from Mumbai has already won one Crore rupees, a cool ten million. Tonight, he can walk away with that in his pocket or make the biggest gamble in television history and go for the final question and a rupees! Jamal, are you ready for that question?"
utter183.1456,utter,JAMAL,Yes.
desc183.1457,desc,,"The lights dim, the music rumbles. Prem pushes the button on his computer. Pauses. Gets conversational."
utter183.1458,utter,PREM,"Big reader, are you Jamal? A lover of literature?"
desc183.1459,desc,,Nervous laughter from the audience. Jamal just shrugs.
utter183.1460,utter,JAMAL,I can read.
desc183.1461,desc,,Even more nervous laughter.
desc183.1462,desc,,An involuntary laugh comes out of Jamal's mouth.
scene184,slugline,,178 INT. ROADSIDE SHACK. NIGHT. 178
desc184.1463,desc,,"In the shack, sitting on an upturned oil drum, surrounded by puzzled Indians in rags, a slow smile comes to Latika's face."
scene185,slugline,,180 INT. STUDIO. NIGHT. 180
desc185.1464,desc,,Camera on Prem.
utter185.1465,utter,JAMAL,Would you believe it? I don't.
desc185.1466,desc,,Jamal laughs. There's nothing else to do. The audience groan.
utter185.1467,utter,PREM,"You don't? So, you're going to take the ten million and walk?"
utter185.1468,utter,JAMAL,No.
utter185.1469,utter,PREM,No?
utter185.1470,utter,JAMAL,I'll play.
desc185.1471,desc,,A gasp from the audience.
utter185.1472,utter,PREM,"You just said you don't know the answer. I heard that, right? You do understand that if you get the answer wrong, you lose everything? Ten million rupees. A fortune, Jamal."
desc185.1473,desc,,A terrible pause.
utter185.1474,utter,JAMAL,I'd like to phone a friend.
utter185.1475,utter,PREM,"We're going to the wire, Ladies and Gentlemen, we are going to the wire. The final Life-line. Here we go...."
scene186,slugline,,181 INT. STUDIO. NIGHT. 181
desc186.1476,desc,,"Prem presses his computer. Ominous rumble of drums. The lights dim. A phone can be heard ringing, the amplified sound echoing around the studio."
utter186.1477,utter,PREM,It's ringing.
desc186.1478,desc,,The phone continues to ring.
scene187,slugline,,182 INT. ROADSIDE SHACK. NIGHT. 182
desc187.1479,desc,,"Latika is staring at the television. Then an electric current seems to shoot through her and she is running, dodging the static traffic, street vendors, the odd cow, heading for her abandoned car. Hooting horns, shouting drivers. The phone rings on..."
scene188,slugline,,183 INT. STUDIO. NIGHT. 183
desc188.1480,desc,,And on...
utter188.1481,utter,PREM,"Doesn't look as if your friend is in, Jamal. Who is it?"
utter188.1482,utter,JAMAL,"My brother's number, but-"
utter188.1483,utter,PREM,- the sort of brother who'd go for a walk on the twenty million rupee question?
utter188.1484,utter,JAMAL,It's the only number I know.
scene189,slugline,,184 INT. CAR. NIGHT. 184
desc189.1485,desc,,"On the passenger seat of Latika's car, Salim's phone continues to ring..."
scene190,slugline,,185 INT. STUDIO. NIGHT. 185
desc190.1486,desc,,...and ring.
utter190.1487,utter,PREM,"You're on your own, Jamal."
desc190.1488,desc,,"Prem looks up at the gallery. The Director shakes his head, mimes cutting his throat."
scene191,slugline,,186 INT. CAR. NIGHT. 186
desc191.1489,desc,,"Latika wrestles the door open, grabs the phone."
scene192,slugline,,187 INT. STUDIO. NIGHT. 187
desc192.1490,desc,,"Prem opens his mouth to speak. Then, out of the darkness of the studio,"
utter192.1491,utter,LATIKA V/O,Hello?
desc192.1492,desc,,A gasp from the audience.
utter192.1493,utter,LATIKA V/O (CONT'D),Hello? Jamal?
utter192.1494,utter,PREM,Wow! That's cutting it fine. I'm guessing this isn't your brother. This is-
utter192.1495,utter,LATIKA V/O,My name is Latika.
desc192.1496,desc,,The first real smile of Jamal's adult life.
scene193,slugline,,188 EXT. STUDIO. BACKSTAGE. NIGHT. 188
desc193.1497,desc,,A small smile spreads across the Inspector's face.
utter193.1498,utter,INSPECTOR,That's why he's on the show.
desc193.1499,desc,,He picks up his hat and hastens out of the room.
scene194,slugline,,189 INT. JAVED'S SAFE-HOUSE. NIGHT. 189
desc194.1500,desc,,"Javed pulls the Bar Girl from him, stares open-mouthed at the television."
utter194.1501,utter,JAVED,What the bloody-?
desc194.1502,desc,,He pushes the girl off him. Gets to his feet.
utter194.1503,utter,JAVED (CONT'D),Latika! Salim!
scene195,slugline,,190 INT. STUDIO/ INT. ROADSIDE SHACK. NIGHT. 190
utter195.1504,utter,PREM,"Okay! So, Latika, you want to hear the question one more time? And let's be clear about this. Twenty million rupees ride on your answer. You have thirty seconds. Jamal, please read out the question to Latika."
utter195.1505,utter,JAMAL,Is that really you?
utter195.1506,utter,LATIKA V/O,Yes.
utter195.1507,utter,PREM,"The question, Jamal."
utter195.1508,utter,JAMAL,"In Alexandre Dumas' book, The Three Musketeers, two of the musketeers are called Athos and Porthos. What was the name of the third musketeer. Was it A) Aramis, B) Cardinal Richelieu, C) D'Artagnan, D) Planchet."
desc195.1509,desc,,Silence. The electronic clock ticks loudly.
utter195.1510,utter,PREM,Fifteen seconds.
utter195.1511,utter,JAMAL,Where are you?
utter195.1512,utter,LATIKA V/O,I'm- I'm safe.
utter195.1513,utter,PREM,"Ten seconds. So, Latika, what do you think?"
desc195.1514,desc,,Silence.
utter195.1515,utter,PREM (CONT'D),"Five, four, three, two, one. Time's up! Your answer."
utter195.1516,utter,LATIKA V/O,I don't know.
desc195.1517,desc,,The audience groan.
utter195.1518,utter,PREM,Oh...
utter195.1519,utter,LATIKA V/O,I've never known.
utter195.1520,utter,PREM,"You really are on your own, now, Jamal. Your answer: for twenty million rupees."
desc195.1521,desc,,Jamal shrugs.
utter195.1522,utter,JAMAL,A. Because?
utter195.1523,utter,JAMAL,Just...because. Apka final jawab?
utter195.1524,utter,JAMAL,Yes. Final answer. A. Aramis.
desc195.1525,desc,,"The lights dim, the music crescendoes. A buzz runs around the audience. Prem pushes the button on his computer. Stares hard at Jamal."
utter195.1526,utter,PREM,"Computer-ji A lock kiya-jaye. Jamal Malik, Call Centre Assistant from Mumbai, for two Crore, twenty million rupees, you were asked who the Third Musketeer was in the novel by Alexandre Dumas. You used your final life-line to phone a friend. You answered A. Aramis.....which is...I have to tell you...the correct answer!"
desc195.1527,desc,,"Wild applause. Prem jumps up and pulls a bemused Jamal to his feet, raising his arm in the air. Jamal is smiling, but disorientated."
utter195.1528,utter,PREM (CONT'D),"Ladies and Gentlemen, Jamal Malik, Crorepati! What a night! We have all been present at the making of history, Ladies and Gentlemen! Jamal Malik, millionaire!"
utter195.1529,utter,JAMAL,Latika? Latika?
desc195.1530,desc,,"To ever-increasing roars and applause from the audience, Prem escorts Jamal off-stage."
scene196,slugline,,191 INT. ROADSIDE SHACK. NIGHT. 191
desc196.1531,desc,,"The line goes dead in Latika's hand. She stares down at the phone. The bemused family are still eying her like an alien. She smiles at them and goes out. The traffic on the road is still grid-locked. She starts walking, faster and faster. Then she breaks into a run."
scene197,slugline,,192 INT. JAVED'S SAFE-HOUSE. BATHROOM. NIGHT. 192
desc197.1532,desc,,"A small tv in the bathroom. Salim smiles. Salim! Teri ma ki chute! Salim! Javed is banging on the door. Salim gets up from where he has been praying. He climbs into the bath which is full of bank notes and lies down amongst the money. He reaches across for the pistol and picks it up. Smiles slightly as Javed smashes down the door, pulls the trigger and shoots Javed. He falls onto the floor, dead. But the Thug right behind him shoots Salim in the chest. He lies back in the bath, the faintest trace of a smile on his face as he stares at the pictures of Jamal on the tv."
utter197.1533,utter,SALIM,God is good.
desc197.1534,desc,,Salim dies.
scene198,slugline,,193 INT. STUDIO. BACKSTAGE. NIGHT. 193
desc198.1535,desc,,Prem and Jamal are being posed by photographers. A giant-sized cheque for twenty million rupees is manhandled onto the floor by the Floor Manager and an Assistant amidst much cheering and laughter. Jamal is snapped next to a scowling Prem. The Inspector appears next to them.
utter198.1536,utter,INSPECTOR,"Just one more thing left, Sir."
utter198.1537,utter,PREM,"Finally, huh?"
utter198.1538,utter,INSPECTOR,If you'd like to come with me.
desc198.1539,desc,,"He takes Jamal by the arm, leads him backstage."
scene199,slugline,,194 INT/EXT. POLICE JEEP. NIGHT. 194
desc199.1540,desc,,Jamal sits silent in the back seat next to the Inspector as he drives through the traffic. Then:
utter199.1541,utter,JAMAL,Truth alone triumphs? I should have known better.
desc199.1542,desc,,The Inspector stops the jeep. Unlocks the handcuffs. Holds the back door open for Jamal.
utter199.1543,utter,INSPECTOR,"Thought you might need a lift, Sir."
desc199.1544,desc,,"He nods towards the outside world. Dazed, Jamal gets out."
scene200,slugline,,195 EXT. CHHATRAPATI SHIVAJI TERMINUS. NIGHT. 195
desc200.1545,desc,,"Jamal finds himself gazing up at VT station. Slowly, he wanders inside. The Inspector takes the contents of the file and tears them slowly in half. Lets the pieces fall on the ground. Gets back in the jeep and drives away."
scene201,slugline,,197 INT. CHHATRAPATI SHIVAJI TERMINUS. NIGHT. 197 VT station is awash with the evening commute. Thousands
desc201.1546,desc,,"of people crowd the platforms, jostling the only still figure who is sitting at the base of the statue of Frederick Stevens. Jamal. Then there is a gap in the wall of bodies that swirls around him. Jamal gets to his feet."
utter201.1547,utter,JAMAL,Latika?
desc201.1548,desc,,Then she is gone in the melee again. Only to reappear.
utter201.1549,utter,LATIKA,Jamal?
desc201.1550,desc,,"Jamal forces himself through the people. Nothing will stop him. Latika too is shoving them aside until they are face-to-face. They stop, look at each other, hold each other's hands tight. The whole station seems frozen, the only movement from a thousand bodies being Jamal and Latika."
utter201.1551,utter,LATIKA (CONT'D),I thought we would meet again only in death.
desc201.1552,desc,,He shakes his head.
utter201.1553,utter,JAMAL,I knew you'd be watching.
desc201.1554,desc,,"Jamal puts his hand on Latika's chin, turns her head gently so that she is facing him. He sees the knife scars on her cheek for the first time. She tries to turn her head, but he won't let her. Runs his hand slowly down the scar. Rests his hand there."
utter201.1555,utter,JAMAL (CONT'D),This is our destiny.
desc201.1556,desc,,He gently kisses the scarred cheek.
utter201.1557,utter,JAMAL (CONT'D),This is our destiny.
desc201.1558,desc,,"The camera pulls back and back, rising above the station. The music starts and the frozen station comes alive, two thousand kurta-clad men and saree-clad women dancing in and out and on top of the trains, an unbound celebration of hope and humanity that has at its centre, Jamal and Latika. THE END"
